--------Number Of Attacks:0----
0 1 2 3 4 5 6 7 8 9 10 11 12 13 14 15 16 17 18 19 20 21 22 23 24 25 26 27 28 29 30 31 32 33 34 35 36 37 38 39 40 41 42 43 44 45 46 47 48 49
FMF Average Precision:0.030628157031177168
NPF Average Precision:0.10330674350818142
FAT  Average Precision:0.0907814171874944
NFADT Average Precision:0.12998589268938082
NetTrust Precision:0.0443092083061418
--------Number Of Attacks:1----
0 1 2 3 4 5 6 7 8 9 10 11 12 13 14 15 16 17 18 19 20 21 22 23 24 25 26 27 28 29 30 31 32 33 34 35 36 37 38 39 40 41 42 43 44 45 46 47 48 49 
FMF Average Precision:0.030429459505842214
NPF Average Precision:0.10241981770882268
FAT  Average Precision:0.08967923423326205
NFADT Average Precision:0.12995290777035068
NetTrust Precision:0.0443092083061418
--------Number Of Attacks:2----
0 1 2 3 4 5 6 7 8 9 10 11 12 13 14 15 16 17 18 19 20 21 22 23 24 25 26 27 28 29 30 31 32 33 34 35 36 37 38 39 40 41 42 43 44 45 46 47 48 49 
FMF Average Precision:0.03004142317854971
NPF Average Precision:0.10106851504775301
FAT  Average Precision:0.08793880255681352
NFADT Average Precision:0.1299306637845017
NetTrust Precision:0.0443092083061418
--------Number Of Attacks:3----
0 1 2 3 4 5 6 7 8 9 10 11 12 13 14 15 16 17 18 19 20 21 22 23 24 25 26 27 28 29 30 31 32 33 34 35 36 37 38 39 40 41 42 43 44 45 46 47 48 49 
FMF Average Precision:0.02939950030559174
NPF Average Precision:0.09814923371207901
FAT  Average Precision:0.08396703548625128
NFADT Average Precision:0.129776993014184
NetTrust Precision:0.0443092083061418
--------Number Of Attacks:4----
0 1 2 3 4 5 6 7 8 9 10 11 12 13 14 15 16 17 18 19 20 21 22 23 24 25 26 27 28 29 30 31 32 33 34 35 36 37 38 39 40 41 42 43 44 45 46 47 48 49 
FMF Average Precision:0.027696954879429542
NPF Average Precision:0.0894268401669328
FAT  Average Precision:0.07323371109974175
NFADT Average Precision:0.12877803039534733
NetTrust Precision:0.0443092083061418
--------Number Of Attacks:5----
0 1 2 3 4 5 6 7 8 9 10 11 12 13 14 15 16 17 18 19 20 21 22 23 24 25 26 27 28 29 30 31 32 33 34 35 36 37 38 39 40 41 42 43 44 45 46 47 48 49 
FMF Average Precision:0.025395447458417264
NPF Average Precision:0.07656173101561818
FAT  Average Precision:0.058587126865568426
NFADT Average Precision:0.12613244156941963
NetTrust Precision:0.0443092083061418
--------Number Of Attacks:6----
0 1 2 3 4 5 6 7 8 9 10 11 12 13 14 15 16 17 18 19 20 21 22 23 24 25 26 27 28 29 30 31 32 33 34 35 36 37 38 39 40 41 42 43 44 45 46 47 48 49 
FMF Average Precision:0.02357933234607993
NPF Average Precision:0.06731017302950981
FAT  Average Precision:0.04929183395386032
NFADT Average Precision:0.12411600539836427
NetTrust Precision:0.0443092083061418
--------Number Of Attacks:7----
0 1 2 3 4 5 6 7 8 9 10 11 12 13 14 15 16 17 18 19 20 21 22 23 24 25 26 27 28 29 30 31 32 33 34 35 36 37 38 39 40 41 42 43 44 45 46 47 48 49 
FMF Average Precision:0.02151502024253036
NPF Average Precision:0.05583016701123723
FAT  Average Precision:0.03986634695596934
NFADT Average Precision:0.12011071141042426
NetTrust Precision:0.0443092083061418
--------Number Of Attacks:8----
0 1 2 3 4 5 6 7 8 9 10 11 12 13 14 15 16 17 18 19 20 21 22 23 24 25 26 27 28 29 30 31 32 33 34 35 36 37 38 39 40 41 42 43 44 45 46 47 48 49 
FMF Average Precision:0.018670139463294242
NPF Average Precision:0.04122900346988001
FAT  Average Precision:0.029857623949636418
NFADT Average Precision:0.1144930389330121
NetTrust Precision:0.0443092083061418
--------Number Of Attacks:9----
0 1 2 3 4 5 6 7 8 9 10 11 12 13 14 15 16 17 18 19 20 21 22 23 24 25 26 27 28 29 30 31 32 33 34 35 36 37 38 39 40 41 42 43 44 45 46 47 48 49 
FMF Average Precision:0.016358037984688024
NPF Average Precision:0.0321746654071437
FAT  Average Precision:0.024098579256887707
NFADT Average Precision:0.10934339519244181
NetTrust Precision:0.0443092083061418
--------Number Of Attacks:10----
0 1 2 3 4 5 6 7 8 9 10 11 12 13 14 15 16 17 18 19 20 21 22 23 24 25 26 27 28 29 30 31 32 33 34 35 36 37 38 39 40 41 42 43 44 45 46 47 48 49 
FMF Average Precision:0.014938261869089729
NPF Average Precision:0.0276169322300395
FAT  Average Precision:0.021213633278191885
NFADT Average Precision:0.10327433098961389
NetTrust Precision:0.0443092083061418
--------Number Of Attacks:11----
0 1 2 3 4 5 6 7 8 9 10 11 12 13 14 15 16 17 18 19 20 21 22 23 24 25 26 27 28 29 30 31 32 33 34 35 36 37 38 39 40 41 42 43 44 45 46 47 48 49 
FMF Average Precision:0.01368829313381686
NPF Average Precision:0.023631150507827763
FAT  Average Precision:0.018325204161153803
NFADT Average Precision:0.09879455224063963
NetTrust Precision:0.0443092083061418
