1 2 3 4 5 6 7 8 9 10 11 12 13 14 15 16 17 18 19 20 21 22 23 24 25 26 27 28 29 30 31 32 33 34 35 36 37 38 39 40 41 42 43 44 45 46 47 48 49 50 
meanPrecisionFMF:0.031063354188034055
meanPrecisionPDC6.818338720058577E-4
meanPrecisionNNF0.14011101427853614
meanPrecisionNNDC0.15081900447396085
meanPrecisionNPF0.10431316284782843
meanPrecisionFAT0.09178547436294963
meanPrecisionNFADT0.13071420140758555
meanPrecisionNAF0.10431316284782843
meanPrecisionNTV0.04320416477136019
meanPrecisionTwoHopNPF0.13894047445005656
meanPrecisionThreeHopNPF0.18420302234266642
meanPrecisionThreeHopFMF0.025160894006564044
meanPrecisionTwoHopFMF0.14715452485936834
Total Number Of Vertices:71512
Maximum Vertex Id:71523

