1 2 3 4 5 6 7 8 9 10 11 12 13 14 15 16 17 18 19 20 21 22 23 24 25 26 27 28 29 30 31 32 33 34 35 36 37 38 39 40 41 42 43 44 45 46 47 48 49 50 
meanPrecisionFMF:0.03274289507952635
meanPrecisionPDC6.898150342869621E-4
meanPrecisionNNF0.14323387130697096
meanPrecisionNNDC0.1533486070337517
meanPrecisionNPF0.10678968652508938
meanPrecisionFAT0.09375898347307132
meanPrecisionNFADT0.13372029859911883
meanPrecisionNAF0.10678968652508938
meanPrecisionNTV0.044667269448993185
meanPrecisionTwoHopNPF0.14278332659653944
meanPrecisionThreeHopNPF0.19384970479666486
meanPrecisionThreeHopFMF0.025273728718345972
meanPrecisionTwoHopFMF0.1434704688607686
Total Number Of Vertices:71512
Maximum Vertex Id:71523

