1 2 3 4 5 6 7 8 9 10 11 12 13 14 15 16 17 18 19 20 21 22 23 24 25 26 27 28 29 30 31 32 33 34 35 36 37 38 39 40 41 42 43 44 45 46 47 48 49 50 
meanPrecisionFMF:0.03338805614145397
meanPrecisionPDC6.906291738796154E-4
meanPrecisionNNF0.14312563310350734
meanPrecisionNNDC0.15288162931858226
meanPrecisionNPF0.10759654900626016
meanPrecisionFAT0.09323539327682913
meanPrecisionNFADT0.13267133193443814
meanPrecisionNAF0.10759654900626016
meanPrecisionNTV0.04242630754333985
meanPrecisionTwoHopNPF0.15210409055529261
meanPrecisionThreeHopNPF0.13854801480517875
meanPrecisionThreeHopFMF0.024628711917164123
meanPrecisionTwoHopFMF0.11459517961721763
Total Number Of Vertices:71512
Maximum Vertex Id:71523

