--------Number Of Attacks:10----
0 1 2 3 4 5 6 7 8 9 10 11 12 13 14 15 16 17 18 19 20 21 22 23 24 25 26 27 28 29 30 31 32 33 34 35 36 37 38 39 40 41 42 43 44 45 46 47 48 49 
FMF Average Precision:0.03045083750052865
NPF Average Precision:0.1038465686628703
FAT  Average Precision:0.09150081427499339
NFADT Average Precision:0.1300127052741987
NetTrust Precision:0.0443092083061418
--------Number Of Attacks:25----
0 1 2 3 4 5 6 7 8 9 10 11 12 13 14 15 16 17 18 19 20 21 22 23 24 25 26 27 28 29 30 31 32 33 34 35 36 37 38 39 40 41 42 43 44 45 46 47 48 49 
FMF Average Precision:0.030049384153365697
NPF Average Precision:0.10377164508725394
FAT  Average Precision:0.09132396022662603
NFADT Average Precision:0.13016263355857333
NetTrust Precision:0.0443092083061418
--------Number Of Attacks:50----
0 1 2 3 4 5 6 7 8 9 10 11 12 13 14 15 16 17 18 19 20 21 22 23 24 25 26 27 28 29 30 31 32 33 34 35 36 37 38 39 40 41 42 43 44 45 46 47 48 49 
FMF Average Precision:0.02931903442154303
NPF Average Precision:0.10355802407112302
FAT  Average Precision:0.09099793122959215
NFADT Average Precision:0.13033493267440302
NetTrust Precision:0.0443092083061418
--------Number Of Attacks:100----
0 1 2 3 4 5 6 7 8 9 10 11 12 13 14 15 16 17 18 19 20 21 22 23 24 25 26 27 28 29 30 31 32 33 34 35 36 37 38 39 40 41 42 43 44 45 46 47 48 49 
FMF Average Precision:0.028076207717478145
NPF Average Precision:0.10326583532546604
FAT  Average Precision:0.09046360377620191
NFADT Average Precision:0.1306428658361871
NetTrust Precision:0.0443092083061418
--------Number Of Attacks:250----
0 1 2 3 4 5 6 7 8 9 10 11 12 13 14 15 16 17 18 19 20 21 22 23 24 25 26 27 28 29 30 31 32 33 34 35 36 37 38 39 40 41 42 43 44 45 46 47 48 49 
FMF Average Precision:0.02505098664867499
NPF Average Precision:0.10237138198614135
FAT  Average Precision:0.08905403452669707
NFADT Average Precision:0.13105146368708162
NetTrust Precision:0.0443092083061418
--------Number Of Attacks:500----
0 1 2 3 4 5 6 7 8 9 10 11 12 13 14 15 16 17 18 19 20 21 22 23 24 25 26 27 28 29 30 31 32 33 34 35 36 37 38 39 40 41 42 43 44 45 46 47 48 49 
FMF Average Precision:0.020995717667185027
NPF Average Precision:0.10123393116106752
FAT  Average Precision:0.08761469709428937
NFADT Average Precision:0.13140270153898603
NetTrust Precision:0.0443092083061418
--------Number Of Attacks:700----
0 1 2 3 4 5 6 7 8 9 10 11 12 13 14 15 16 17 18 19 20 21 22 23 24 25 26 27 28 29 30 31 32 33 34 35 36 37 38 39 40 41 42 43 44 45 46 47 48 49 
FMF Average Precision:0.018538018991725375
NPF Average Precision:0.10054895705503271
FAT  Average Precision:0.08673314251865408
NFADT Average Precision:0.13160546109793686
NetTrust Precision:0.0443092083061418
--------Number Of Attacks:1000----
0 1 2 3 4 5 6 7 8 9 10 11 12 13 14 15 16 17 18 19 20 21 22 23 24 25 26 27 28 29 30 31 32 33 34 35 36 37 38 39 40 41 42 43 44 45 46 47 48 49 
FMF Average Precision:0.015867197197792574
NPF Average Precision:0.09981517879108408
FAT  Average Precision:0.08578549618916745
NFADT Average Precision:0.13171564541305372
NetTrust Precision:0.0443092083061418
--------Number Of Attacks:1500----
0 1 2 3 4 5 6 7 8 9 10 11 12 13 14 15 16 17 18 19 20 21 22 23 24 25 26 27 28 29 30 31 32 33 34 35 36 37 38 39 40 41 42 43 44 45 46 47 48 49 
FMF Average Precision:0.013605064647760295
NPF Average Precision:0.09885022063354108
FAT  Average Precision:0.08459402952333468
NFADT Average Precision:0.13184382224371632
NetTrust Precision:0.0443092083061418
--------Number Of Attacks:2000----
0 1 2 3 4 5 6 7 8 9 10 11 12 13 14 15 16 17 18 19 20 21 22 23 24 25 26 27 28 29 30 31 32 33 34 35 36 37 38 39 40 41 42 43 44 45 46 47 48 49 
FMF Average Precision:0.01192366448375979
NPF Average Precision:0.09811356626814018
FAT  Average Precision:0.08369593843655422
NFADT Average Precision:0.1319733185637357
NetTrust Precision:0.0443092083061418
--------Number Of Attacks:2500----
0 1 2 3 4 5 6 7 8 9 10 11 12 13 14 15 16 17 18 19 20 21 22 23 24 25 26 27 28 29 30 31 32 33 34 35 36 37 38 39 40 41 42 43 44 45 46 47 48 49 
FMF Average Precision:0.01104756348524398
NPF Average Precision:0.09752530660021355
FAT  Average Precision:0.08299355768290846
NFADT Average Precision:0.13210702642104757
NetTrust Precision:0.0443092083061418
--------Number Of Attacks:3000----
0 1 2 3 4 5 6 7 8 9 10 11 12 13 14 15 16 17 18 19 20 21 22 23 24 25 26 27 28 29 30 31 32 33 34 35 36 37 38 39 40 41 42 43 44 45 46 47 48 49 
FMF Average Precision:0.010727005690317551
NPF Average Precision:0.09706987247217151
FAT  Average Precision:0.08245345003431796
NFADT Average Precision:0.1322482257610376
NetTrust Precision:0.0443092083061418
