0.00028664497517
0.000189399675004
8.86210360417e-05
0.000192605830346
0.00045194079411
0.000354280652451
0.000555572500126
0.000122468203284
0.000156627231923
0.000360792124342
0.000130482823457
0.00116917760353
0.000256467253336
0.000336487424715
8.67664385308e-05
0.000587216729672
0.000492124860085
0.000332806800201
5.816500743e-05
0.00057214811064
0.000947649076183
0.000108960125921
7.96695463236e-05
0.000472054825848
0.000370822213807
0.000301252376049
0.000166627340227
0.000772926344704
5.63909536289e-05
0.000135291485306
9.1799263427e-05
0.000957227228897
0.000356425179013
0.000225904152655
0.00029163443235
0.000157462355874
0.000542789362013
0.000339554579935
5.63909536289e-05
5.63909536289e-05
0.000610377324221
0.000701509051704
0.000256384952439
0.000330627577828
0.000620335781232
0.000806920043023
5.63909536289e-05
0.000242656989177
0.000408666970634
0.000464219588349
0.000237590624338
9.91411414151e-05
0.000102117650636
0.00109244987043
0.000303462244863
0.00030952483383
6.14644020804e-05
0.000177302302752
0.000128704455061
9.53661997705e-05
0.000286964107454
0.000186798648986
0.000231026655498
0.000253516160663
9.53661997705e-05
0.000129024871552
0.000111880460545
0.000641152943586
0.000365502651121
0.000190209986925
0.000497635126136
0.000190209986925
0.000929086572754
0.000672182509202
0.000355118613639
0.000190209986925
0.000440876269499
0.000830673654744
0.000167640581215
0.000273462766341
0.000232535886657
0.000402211065389
0.000313050089766
0.000305599130748
0.000375037980032
0.000167678660091
0.000190209986925
0.000190209986925
0.000193114795031
0.000474085145279
0.000255436144304
0.000297615433805
0.000513823645459
0.000148941238672
9.15187740311e-05
0.000177301846042
0.000410185420304
0.000300861091824
0.000302777597861
0.000116417254652
0.000862456762085
0.00109517304263
0.000642675011698
0.00110588552657
0.000369299022038
0.000142280102179
0.000190766882869
0.000190766882869
0.00144275878317
6.17594909628e-05
7.86790852514e-05
0.000240330820627
6.17594909628e-05
0.000280396062478
0.000298513570351
6.17594909628e-05
9.49440389721e-05
0.000156162578867
0.000228353339958
0.000646088873426
0.00010740781037
8.91432599803e-05
0.000195699579428
0.000687352252481
0.000505381959787
0.00010740781037
0.000106468216682
0.000218425159135
0.000239633984558
9.59285372821e-05
0.00010148226648
6.17594909628e-05
0.000225938100138
6.17594909628e-05
0.000142521902222
0.000589238653895
9.48141038884e-05
0.000233326679475
0.000142521902222
0.000175593716672
0.00015717281294
0.000262992504232
6.17594909628e-05
0.00037801465039
0.000142521902222
0.000394955394162
0.000689183900327
0.000612587032202
0.000527538289711
0.00058646525885
0.000298083142679
8.15603291928e-05
0.000237949826414
0.000137456925365
0.000446594479591
9.30896743964e-05
0.000205424304036
0.000160524951602
9.30896743964e-05
0.000750181028861
0.000499281106587
0.000398151577316
0.000329809016646
0.000336318666251
5.3526562778e-05
0.00038424877643
0.000124866093548
0.000486441715723
0.000176297578148
0.000289950064813
0.000155051151488
0.000175518704275
0.000129112683003
9.78840722765e-05
0.000414857943028
0.000129112683003
0.000250384020196
0.000491092882372
9.78840722765e-05
6.042083692e-05
0.000153176197083
0.000490054603808
0.000139496464365
6.07249516625e-05
0.000125926057198
0.000153176197083
0.00114768545233
0.000255374293268
0.000176427292327
0.000205860590835
0.000331389483054
0.000383555376502
0.000127001440182
0.000358358278612
0.000205062457762
0.000134038458938
0.000289192482682
0.000366107626277
8.63447334742e-05
0.00010117674333
9.61541907805e-05
0.000169388000418
0.000194354466455
0.000327748904189
0.000364492445513
0.000162029807587
0.000118965210911
0.00090638467886
0.00010117674333
0.000242016014675
0.000201259917304
0.00033280559624
0.000239968185335
0.00043042044469
0.000541101374303
0.00040462916065
0.000127211836801
0.000129157581183
9.23908133563e-05
0.000219686126457
0.0001183111921
0.000471274826155
0.000212905879486
0.0001183111921
0.000409651601859
0.000385702736716
0.000340827360269
0.000412169667658
0.000546158165493
0.000350752377621
0.000750427376035
0.00027910208814
0.000380293445913
0.000110639808047
0.000247078991976
0.000110639808047
0.000371633555406
9.40712863038e-05
0.00035798381677
0.000286620204017
0.000456330371845
0.000600217068866
0.000258697096846
0.000240917657748
0.000789017827798
0.00034106057802
7.69959478053e-05
0.000103753260501
0.00021936297512
0.000278145857957
0.000264120503511
0.000377478886205
0.000563694020955
0.000627947538495
0.000348785885571
0.00021936297512
0.000696279943471
0.000127464164914
0.00048610492305
0.000553137442041
0.000443899872193
0.00055446730702
0.000628621042008
0.000708215920541
0.000500948889427
0.000795489945392
0.000474745177771
0.000528887216764
4.02286145899e-05
0.000712374022397
0.000481534556851
0.000456607288035
4.02286145899e-05
0.000506631114964
0.00047474517777
0.000642439735847
0.00047474517777
0.000541339780939
0.00047474517777
0.00105807668596
0.000528633952276
0.000144790122819
0.000680404489713
0.00047474517777
0.000496576034343
0.000730786410086
0.00047474517777
0.000135097176473
0.000917002923827
0.00047474517777
0.000534031150895
0.00047474517777
0.00047474517777
0.000474745177769
0.000502771322007
0.00117745131227
0.000846668354255
0.000513308359852
0.000195632107997
0.000500434301352
0.000626314181605
0.000569282634853
0.000630956525686
0.000631820355859
0.000176222611391
4.70458431667e-05
0.000593910815222
0.000115227402802
0.000344639884306
4.70458431667e-05
0.000109322138547
0.000128403400155
0.000115227402802
6.68145619711e-05
0.00014564161591
0.000860914799264
0.000311897959642
6.89560214789e-05
0.000142873868851
0.000181133179157
0.000183563408098
0.000116702592035
0.000692371287784
4.74889767407e-05
0.000245104435998
0.000422068857889
7.40442849488e-05
8.12130232393e-05
8.91815865138e-05
9.78058382091e-05
4.8383751235e-05
0.00012940663701
9.78058382091e-05
0.000621435869369
0.00021132833762
0.000172166994462
0.000151306987752
0.000112429235342
0.000223420538106
0.000124654083228
0.000246004991867
0.000231502921394
0.00020478896703
0.000559135765081
0.0001962351167
0.000507978945316
0.000877672704679
0.000238172771476
8.01979141757e-05
0.000377054070845
0.000674557718366
0.00010043657185
0.000465448916249
0.000686731408429
0.000146689400562
0.00052286943394
0.000142102595238
0.00010043657185
0.000201071044976
0.000671965676222
0.000152937758442
0.00016437651172
0.000195444445298
0.000916058345598
8.0885099381e-05
0.000917634278564
0.000368822527246
5.51478368471e-05
0.000108955413955
0.000847815707002
0.000870854999483
0.000225236671934
0.000144779215526
0.000265475822788
0.000496353138955
0.00078522202355
0.000550761444217
0.000207748378753
0.00031017359147
9.95727534151e-05
0.000219810188297
0.000134123918439
6.15709765242e-05
6.15709765242e-05
0.000264068243542
0.000164716242533
0.000124530911273
0.000396776115549
0.000557242126799
0.000132117725678
0.00058125990417
0.000210267496578
0.000193924518133
0.000193924518133
0.000213330250397
0.00012321152955
0.000828920048629
0.00060913301729
0.000752330752496
0.000511687314449
0.000247927299871
0.000281456376683
0.000341345428765
0.000278017161154
0.00012321152955
5.60634167941e-05
0.000167790897958
9.94565227072e-05
0.00028334705527
6.50500945673e-05
0.00047099226763
6.50500945673e-05
0.000413075982836
0.000299524942035
6.50500945673e-05
0.000107482794689
5.72096001254e-05
0.000571891353897
0.000755584282656
0.000555915706064
0.00018838272071
0.000122788490563
0.000132022154135
0.000132022154135
0.000113541026442
0.000362221389546
0.000132022154135
0.000108599909418
0.000122788490563
0.000484133445495
0.000268541998785
0.000267846860581
0.000214712949677
0.000278416531755
0.000146942058426
0.000146942058426
0.000260688088196
0.000410362211409
0.000226462067949
0.000326600552677
0.000376284126195
0.000220056651852
0.000108005435333
0.000322544013801
5.60312736036e-05
5.60312736036e-05
0.000141981811299
0.000141981811299
0.000401039859812
0.000153279377644
0.000963066133847
0.000153279377644
0.000580268009065
0.000199077298853
0.000219525237986
0.000118441876192
0.000154997815978
0.000916305696125
0.000165827201552
0.000397283197683
5.78509686366e-05
0.000138835771995
0.000191456804496
0.000422569751545
0.00052757206579
0.00081190540294
0.000141623911501
0.000705850158762
0.000290949613418
0.000172591000651
0.00019950358291
8.87643650622e-05
0.000148382039154
0.000490093345345
0.000113596645506
0.000460691355439
8.87643650622e-05
0.000154997815978
5.76284328838e-05
0.000117412746157
0.000337865317555
0.00012587068679
0.000166126567991
0.000110524656369
0.000110524656369
0.000452121287996
0.000151884512054
0.0001029803046
6.3551677412e-05
0.000106585622494
0.000324961771183
0.000512866097669
9.5119021535e-05
9.62768079228e-05
0.00042470439002
0.000303736258616
0.000131199618576
0.000303736258616
0.000501555448896
0.000411974231372
0.000180225009192
0.000303736258616
0.000303736258616
0.000487233344564
0.000618542644822
0.000307955704515
0.000303736258616
0.000303736258616
0.000303736258616
0.000160876609169
0.000142907140867
0.000303736258616
0.000228956176239
0.000113404193701
0.000258707799831
0.000299887828635
0.000201754946304
0.000372911696424
9.46946241212e-05
7.70082082569e-05
0.000144939834319
6.51331516157e-05
0.000384281214853
0.000210639105307
0.00058198929
0.000228378422819
0.000317297885051
0.000148839005825
0.000119498391022
0.000112936732708
0.000184013020239
5.65972856007e-05
0.000421123830011
0.000288684663107
0.000122797155483
0.000133418142675
0.000338135671619
7.11203042983e-05
0.000477991693945
0.000162489712966
0.000122537818531
0.000402435343468
0.000119498391021
0.000757376220525
0.000197038588164
0.000799978613767
0.000134132764615
0.00033270593741
0.000208219862117
9.58262217098e-05
0.000191352706854
5.19174751909e-05
7.5579122511e-05
0.000106888017027
0.000130846173469
0.000203101620435
7.11077978295e-05
6.26565348836e-05
0.000446085080442
8.42360820547e-05
0.000144479964359
0.000108833267453
0.000106479931544
8.46462563326e-05
0.000205493413759
4.35298347434e-05
0.000112279992672
0.000437954665304
0.000128637573518
0.000659946213588
0.000284089643493
0.000336644982413
0.00025830106515
0.000128637573518
5.78444725188e-05
0.000360771218302
0.000100599082641
0.00130540579891
0.000593324831609
5.78444725188e-05
5.78444725188e-05
0.000370918718292
0.000334803306132
7.98837816827e-05
5.78444725188e-05
0.000100599082641
5.88679785533e-05
0.000284733610568
0.000578498228293
0.000255261313506
0.00020635439863
0.00020635439863
0.00020635439863
0.000327689905091
6.83378079482e-05
0.000105922966342
6.62001908242e-05
9.71462257859e-05
0.000364070999549
0.000375617309295
0.000155449646059
8.55472696204e-05
9.70614550044e-05
0.000107032980406
8.62153637978e-05
0.00015521214228
0.000670636465238
5.52212585055e-05
0.000108033762523
0.00016491034622
0.00029524310136
0.000111701374034
0.000199314054948
0.000154105831345
0.000233571380336
0.000259259874799
0.000140455455951
7.89134943501e-05
0.000140455455951
0.000138864154075
0.000410944383552
0.000208706975889
0.00021343714141
0.000216665202606
0.000124745511788
0.000201986837567
0.000124745511788
0.000416332085477
0.000312120670746
8.41672868378e-05
0.000340382054459
0.000290347719826
0.000102056532921
0.000427822583704
0.0002122833453
0.000340414122604
0.000190766882869
0.000190766882869
0.000190766882869
0.000190766882869
0.000190766882869
0.000190766882869
0.000189908323698
0.000407134936444
0.000214237919485
0.000123088066875
0.000116111659949
0.000463866202208
0.000144604989721
0.000295262743315
0.000204327977336
0.000496874210557
0.000216768904353
6.80436596182e-05
6.80436596182e-05
0.000101306276862
0.000399378883315
0.000119110117268
0.000723116167868
0.000237450191457
7.63437878625e-05
0.000136382719216
0.000182726885571
0.000165160926642
0.000370823202035
0.000364090919795
7.63437878625e-05
0.000151400846654
0.000190053152793
0.000276267270623
0.000103341515414
0.000430412673335
0.000264244533633
0.000106655414947
0.000146346879774
0.000549837554706
9.75732786396e-05
7.87006032066e-05
4.48996838156e-05
6.29761270371e-05
0.000311241821684
0.000102743418075
7.87006032065e-05
0.000475934348682
7.40103189368e-05
0.000589879559431
0.000485397975646
0.000247942820083
0.000120577490649
0.000431507944346
0.000445044577813
0.000372826140729
0.000221903737475
0.000277995203687
0.000138708751682
5.44058346899e-05
5.44058346899e-05
0.000302329676721
0.000415607640845
0.000267006591803
0.000149655690017
0.000196439917671
0.000290464463472
5.84289845282e-05
0.00047944136391
0.000108826891085
0.000108826891085
0.000267578164678
0.000276576608354
0.000279018054484
6.25754623741e-05
0.000393430604419
0.000410893945154
0.000110008531636
0.000255478404674
0.000192670946395
0.000185378964222
0.000185378964222
7.60481016928e-05
0.000508697427342
0.000159678958861
7.66586783461e-05
7.66586783461e-05
0.000321303847591
0.000397082492892
0.000230337722427
0.000298118614067
7.66586783461e-05
7.66586783461e-05
0.000247449352408
0.000108687298014
0.000433218307594
0.000111635312946
0.000422581785832
0.000350576718827
6.62386074554e-05
6.62386074554e-05
5.03254652454e-05
5.03254652454e-05
0.000182154074992
0.00011177612185
0.000115289438577
0.000215576570284
7.81899432367e-05
0.00061796367252
0.000200927787284
0.00075009772314
5.49030948354e-05
0.000451381302521
0.000501117950769
0.00010880125261
0.000115289438577
0.000323423665468
0.000424373852396
0.000274371992494
0.000176580315653
0.000150306493877
0.000752607031576
0.000637369975254
0.000202346322667
0.000255945656598
0.000134733943833
6.47326643615e-05
9.47924789062e-05
0.00010099163238
6.47326643615e-05
9.8113269611e-05
0.000510526903816
0.000228725995544
9.84749758145e-05
0.000129121312572
6.47326643615e-05
0.000317574696028
0.000531156833936
0.000331716515908
0.000140455015858
0.00063152280782
0.000133934803845
9.7268747561e-05
0.000175666848156
9.81930454382e-05
0.000140455015858
0.000214146513858
0.000311998945107
0.000140455015858
0.000172546147217
0.000121676113964
5.21240441406e-05
0.000104309184252
0.000261877764101
0.000127913835137
7.94275708363e-05
0.000318994293713
0.000155583117732
8.94567333903e-05
9.01980410732e-05
0.000245015100423
6.199563768e-05
9.67061102399e-05
0.000355378885664
0.000182440480643
6.199563768e-05
6.73836345671e-05
0.000190766882869
0.000190766882869
0.000289170191321
0.000183281937536
7.94611324317e-05
0.000624239434713
0.000171842143226
0.000370827984716
8.85889011435e-05
6.01354111313e-05
0.000157789800237
0.000122119233694
0.000122119233694
0.000171277823856
8.85889011435e-05
0.000669493882642
8.46046831784e-05
0.00023609797837
5.59356429478e-05
0.000219304054258
0.000171884297526
0.00011101320148
0.000477303125591
8.09092133963e-05
0.000143264021508
5.55524848493e-05
8.59960894196e-05
0.000108724921949
0.000108724921949
0.000145310528037
0.000180358967238
0.000177548744403
0.000168620316966
9.79251399187e-05
0.000130294779976
0.000112822307702
0.000130294779976
0.000398230760071
0.000303812235041
0.000184976968588
0.000118306562215
0.000184976968588
0.000206772545129
8.28082594215e-05
8.63795240335e-05
0.00066101142946
0.000255370434754
0.000346077700872
0.000334155064135
0.000144473062342
8.46605727201e-05
0.0001773897421
0.000245308462271
0.000144473062342
0.000328834167124
0.000212127594685
0.000113372570409
0.000345335879171
0.00037910180051
5.96242995078e-05
0.000341358636655
0.000234643548678
0.000167148619216
0.000206721228275
5.91343128884e-05
0.000119994070491
9.00820410709e-05
8.61431271508e-05
0.000245719599115
0.000183721215786
0.000149361238241
0.000410920328688
9.46710303054e-05
0.000306992732581
0.000148603184194
8.86997523132e-05
0.000258448661469
0.000570130864831
0.000319414134383
0.000538453627311
0.000221678124948
0.000382193073883
0.000194156962133
0.000199689078563
0.000132569343872
8.04578905546e-05
8.15021795568e-05
0.000190766882869
0.000190766882869
8.33122711015e-05
0.000386098155325
0.000144890906263
0.000144890906263
0.000144890906263
0.000144890906263
9.49485924947e-05
8.85525296068e-05
0.000130658096127
5.93393652583e-05
0.000130658096127
0.000360036329484
0.000168648595163
0.000177676541808
0.000155117712805
0.000136111532077
0.000295643674393
0.000179788255265
0.000252692399991
0.00015168348904
5.98379826931e-05
0.000440794591943
0.000476211982931
0.000158368605017
0.000157184908806
0.000311082905668
0.000157184908806
0.000231109983397
0.000153505746497
5.98379826931e-05
0.000126641568936
0.000490611048907
0.000107686495322
0.000174456203361
0.000335834408576
0.000266262195905
0.000305994833008
0.000531881138993
8.20041141184e-05
0.000200312786068
0.000182341059458
0.000120693297561
0.000335449122231
0.000325682796789
8.39755068067e-05
0.000202337183817
0.000142963979319
0.000112562583209
0.000322228750533
0.000206410426064
0.000406832110618
0.000226760170403
0.000191366826083
0.000229431415372
0.00033747541009
5.76332321138e-05
5.76332321138e-05
0.000301036777315
0.000144578973641
5.76332321138e-05
5.76332321138e-05
5.76332321138e-05
0.000553025094158
0.000213547495779
8.54927611232e-05
0.000129994843357
0.000265677712878
0.000124755811484
0.000329639647081
0.000230193065668
0.000182685572847
0.000278928050996
0.000124755811484
0.000457503309054
9.0501552592e-05
0.000161196512433
0.000637894807359
0.000109600649816
0.000114974720237
0.000279266601187
0.000569298514576
0.000404113308067
0.000284788483442
0.000399225339326
0.000206895305649
0.00018239549175
0.000170244033826
0.00063892053645
0.0004431523939
0.000361753865905
0.00011047450025
0.00034187330225
0.000766831269546
0.000378083629049
0.000119363845231
0.000142242048728
0.000645647387987
0.000119363845231
0.000171370472945
0.000149776838513
0.000292792486964
0.00011272268269
6.76672747777e-05
6.76672747777e-05
0.000613913981911
0.000102455733753
0.000102455733753
0.000438119674005
6.76672747777e-05
0.000492439952979
0.000171167709301
6.34034914054e-05
0.000171167709301
0.000135112162384
0.000101685270747
0.000171167709301
0.000152334984391
0.000550704468324
8.97197589711e-05
0.000658665769372
0.000121967878714
0.000204150446896
5.85131724328e-05
0.000299126608946
0.000178630033393
0.000223570617043
0.000131239868693
0.000542829264173
0.00019907734312
0.000131239868693
5.98216189688e-05
0.000427773834206
0.000346099038023
0.000101847930729
0.000428253622951
9.40552392297e-05
0.000362473626292
0.000371679949216
0.000253088291991
0.000296427238587
0.000971160388562
0.000141283287585
0.000111855691802
0.000293906629948
0.000395959411118
0.00134078649488
0.000176235613077
0.000356887894408
0.000628170186525
0.000260940254986
0.000201708689626
0.000207008094559
0.000242770926776
0.000223755094002
6.24646470365e-05
9.68571949964e-05
0.000169186038213
9.85742837159e-05
6.06008312725e-05
0.000122183809883
0.000268047899601
6.06008312725e-05
6.06008312725e-05
9.30036806411e-05
0.000610683343734
0.000217147137137
0.000149872218779
9.21718820509e-05
0.000412738888475
0.000186836768954
5.67983140839e-05
0.000131327652726
9.74394609773e-05
0.000133682471874
0.00075073923474
0.000420526394937
0.000259306174113
0.000654158806912
0.000584612499933
0.000330556814312
0.000187086734488
0.000244403728985
0.000314081031856
0.0003889450149
0.000335365195086
8.02938835139e-05
5.41401664117e-05
0.000430002726736
0.000275899777804
0.000322026781701
0.000505388568743
0.000215016683392
0.000147560210707
0.000348863478913
0.000117594068153
0.000117594068153
0.000905519287727
0.000304701803659
0.000253583311344
0.000815440675439
0.000391639709887
0.00034307831136
0.000111715169241
0.000241539056519
0.000187189621814
0.000111715169241
0.000283228535329
0.000191831789749
0.00025596403168
7.04439210667e-05
0.000113863616251
0.000356120050339
0.00017911840123
0.000113970635591
0.000101516198732
0.000160725441592
9.68539822185e-05
0.000145893281328
0.000269913388747
0.000255176929986
0.000145893281328
0.000145893281328
0.000405484695778
0.00011173347426
0.00011173347426
0.000358956944582
0.000730530790072
0.000336980285809
0.000289994255705
0.000133469179847
0.000237279893329
0.000126464801892
0.000133469179847
6.51415719341e-05
6.51415719341e-05
9.6967487816e-05
6.51415719341e-05
6.51415719341e-05
6.51415719341e-05
0.000140061603914
0.000398628769557
9.74145533279e-05
0.000217491794209
8.46713459015e-05
0.000148236219318
0.000693436967677
0.000176248346467
6.36746750273e-05
0.000110738565265
0.000110738565265
6.36746750273e-05
6.36746750273e-05
0.000307096718839
0.000218576336443
0.000261751983767
6.36746750273e-05
0.000331565146707
9.81607466151e-05
5.99295185084e-05
0.000133723552881
5.99295185084e-05
0.000299693518418
0.000252760586694
0.000253270774917
0.000220070561285
0.00021854736221
0.000357865101238
0.000218193280423
0.000218193280423
0.000437925027535
9.20881789612e-05
0.000183750765133
0.000112485240498
0.000151935368702
0.000151935368702
6.5838659771e-05
0.000263998292659
0.000151935368702
0.00021951332107
0.000249659305847
0.000122044789537
0.00048041334815
0.000239893197575
0.000226472788744
0.000604239724815
0.000294687742199
0.00039740355715
0.000201073991729
0.000181500193115
0.000116087746843
0.000164476378121
6.26443112578e-05
6.26443112578e-05
6.26443112578e-05
0.000250005303102
6.28552835033e-05
0.000109313536528
0.000125928106834
0.000109313536527
6.28552835033e-05
0.000223450697094
0.000178452739521
0.000435266428201
0.000178452739521
0.000102610325225
0.000102610325225
0.000473700084094
0.000180207212849
0.000326439637197
0.00011931284154
0.000144106174027
0.000225907750459
0.000286832471839
0.000147293048988
0.000106658448811
0.000190766882869
0.000190766882869
0.000162239805404
0.000327155896335
0.000275323307989
0.000146489625752
8.42315348074e-05
0.000146489625752
0.000327232560228
0.000210165208821
0.00028297915798
0.000458277786417
0.000256792611475
0.000162170874484
0.000180997391622
0.000162170874484
0.000136207192572
0.000127435024878
0.000127435024878
0.000190766882869
0.000190766882869
0.000377453222709
0.000184428948226
0.000118726536108
0.000112390877573
0.000157527037286
0.000436826281155
0.000320295923802
0.000282529981517
0.000118726536108
0.000321240923652
0.000209970073403
5.77818723671e-05
0.000111940434299
8.59393214771e-05
0.00050853208957
0.00102057716013
0.000167658686639
9.14687226934e-05
0.000132645884175
0.000132645884175
0.000290596721527
9.50628836589e-05
0.000123979236529
0.000312448716623
0.000249490647438
6.18652075178e-05
0.000329705530768
0.000119392528737
0.000192881007915
0.000207047894342
0.000119392528737
6.86507040238e-05
6.96022466125e-05
0.000174401923434
0.000121276525073
0.000308606209311
0.000308606209311
0.000308606209311
0.000308606209311
0.000308606209311
0.000234426459882
0.00030860620931
0.000244554571146
0.00030860620931
0.00030860620931
0.00030860620931
0.000244554571146
0.000234426459882
0.00030860620931
0.000300668577521
0.000339696695721
0.00030860620931
0.000244554571146
0.000234426459881
0.00030860620931
0.00030860620931
0.000706607657816
0.000244554571146
0.000252491282668
0.00030066857752
0.00030860620931
0.00030860620931
0.000308606209309
0.000353265147453
0.000310605423118
0.000234426459881
0.000244554571145
0.000308606209309
0.000308606209309
5.76050738948e-05
0.00030066857752
0.000234426459881
0.000244554571145
0.000252491282668
0.000122440387698
0.000390591036255
0.000146963452922
0.000197480218658
0.000146963452922
0.000167978715822
0.000147607179269
0.000208479669014
0.000208479669014
0.000147607179268
8.48923936684e-05
0.000208834300074
8.66998141675e-05
0.000338608899794
5.71149549904e-05
0.00018557601636
0.000180479963733
0.000132281227903
0.000551617497122
0.000396395447715
0.000197688742628
0.000260846962328
0.000159052257073
0.000168623147382
0.000190520697328
0.000100054583132
0.000115140011362
0.000196889317481
0.000116628450549
0.000244648647983
0.000273305516012
0.000226004502028
0.000212176617686
8.5246375048e-05
0.000125036930284
0.000201348736885
0.000100054583132
0.000201348736885
0.000152833838914
9.00085760699e-05
0.000125036930284
0.000166426617017
0.000114120368266
0.000312935876227
0.000104685593455
0.000196889317481
0.000188675963062
0.000190766882869
0.000190766882869
0.000136420306985
0.00032188857497
8.65936628993e-05
0.000216344492377
0.000283489202253
0.000375208254342
0.000127315168633
0.000329095284222
8.25653468375e-05
0.000461789681524
6.49580419413e-05
0.000219704347777
6.42987805483e-05
0.000151908684944
0.000328195371915
0.000138759978878
0.000154321076043
7.91009413748e-05
0.000346031774058
0.000625550063838
0.000545949520042
0.000253517750191
0.00025433509029
0.00011988165243
0.00011988165243
0.000186836655593
5.91039368632e-05
0.000362500575356
5.91039368632e-05
0.000285662186833
6.18776496748e-05
0.000221619996063
6.18776496748e-05
0.000110845175334
0.000110845175334
0.000213228047858
6.18776496748e-05
0.000263351765956
0.000104118889331
6.18776496748e-05
0.000187347080757
9.91858165185e-05
0.000198782304263
0.000338001467051
0.000220323281717
0.000118621398911
0.000181850899373
0.000185475559726
0.000555312660147
8.09256737865e-05
0.000139489363598
0.000169554993502
8.19725840039e-05
0.000105629387789
0.000112955948258
0.000112955948258
0.000532525212517
9.02118795732e-05
7.15546082203e-05
0.000656722923845
7.15546082203e-05
0.00011775322829
0.000320090476283
0.000154078238349
0.000148876562618
0.000154078238349
0.00019597595762
0.00011775322829
0.000217405270917
0.000161507359941
9.66723370512e-05
0.000181934010347
4.80289656671e-05
0.000153766022556
8.91946448009e-05
0.000682263443169
0.000116086805449
0.000160325677568
0.00013234100555
6.5686510244e-05
6.38232545863e-05
6.38232545863e-05
0.000136373219547
5.19018808318e-05
0.00020115094477
0.00020115094477
0.00020115094477
0.00020115094477
0.00020115094477
0.000238997264721
5.19018808318e-05
0.000401216930914
9.81465261452e-05
6.65077425723e-05
0.000145122954222
0.00033499888489
6.65077425723e-05
0.000128260381604
0.000184283936987
0.000407620406731
8.08288145767e-05
7.19247006456e-05
0.000197080722281
0.000150680983501
0.000309816168562
0.000175179285537
7.19247006456e-05
0.000173331266797
0.00010660323611
0.00010194293928
5.86171900859e-05
0.000282270858964
0.00010194293928
5.86171900859e-05
5.86171900859e-05
5.59185591263e-05
8.69554496584e-05
8.18808693439e-05
0.00025559792203
0.00031442318407
0.000105754248998
0.000366720252884
8.12955217947e-05
5.43522949645e-05
0.000175955994736
0.000364477247321
8.52326733721e-05
0.000219483851059
0.000143246600617
0.000143688612841
0.000220680000456
0.000328495402827
0.000144248328179
0.000247814971803
0.000142739641789
0.000143688612841
0.000318571297008
0.000206742434636
0.000118876899916
0.000118876899916
0.000118716725045
0.000115408112319
0.000219158138961
0.0001750882148
0.000325476445335
6.0192539533e-05
0.00010980086706
6.0192539533e-05
0.00031574353615
0.000147823420631
0.000103093086343
0.000151275315415
0.000103093086343
0.000295381761666
0.000279384892422
0.000187516016475
0.000187516016475
0.000271279544698
0.00015828646515
6.81945588569e-05
0.000194544360526
0.000161559359029
5.94566112533e-05
9.21789708207e-05
0.000674593507979
0.000149299665847
0.000203030019079
0.000203030019079
5.94566112533e-05
0.000128456419213
9.31376957481e-05
0.000193739622101
0.000363466786516
0.000228368617868
0.000391787850484
9.10324228403e-05
0.00014796783916
9.50280670461e-05
0.00012061677196
0.000260692093856
0.000309933503722
5.80966870833e-05
0.000165735340404
0.000212958458521
9.29381149975e-05
5.80966870833e-05
0.000145910380369
0.000410350912462
9.22714391386e-05
8.99573630283e-05
0.000163959660773
7.44589607695e-05
0.00021573613336
0.000102889347608
0.000301226708132
0.000175794789395
0.000145092176843
0.000223595891533
0.000145092176843
5.55645876235e-05
0.000127181962569
0.000436151316541
7.81713088046e-05
0.000223035486345
0.0001779874287
7.43378263197e-05
0.000279034748437
0.00016534502263
0.000378053602192
0.000160057618996
9.33084405253e-05
0.000351019198822
9.26481696018e-05
0.000628744324975
0.000151135514876
5.32726975211e-05
0.000441384238021
0.000116017793203
0.000201808169262
0.000193540382092
7.88669177358e-05
0.000494223163882
0.000203211813943
8.16631453132e-05
9.26481696018e-05
0.000234620497392
8.41935969164e-05
0.000105737976622
7.82011253689e-05
0.0001611161687
0.000233438995387
0.000109132586101
0.000428879803041
0.000361330167738
9.83219095921e-05
0.000200883564657
0.000167002634072
0.000236786031265
0.000221395157129
0.000247254079687
0.000249785980872
8.83215173033e-05
0.000201242139616
0.000156917554925
0.000156917554925
0.000175014447988
0.000356629507045
0.000568107943318
0.000482386536273
0.000119056415629
0.000120804181947
0.000129937572667
0.00020765274648
0.000152086916985
0.000234182751116
0.000152086916985
0.000230981361653
6.5192791603e-05
0.0002581959471
0.000160141480149
0.000290006269864
0.000160141480149
0.000106325385245
0.000127426516033
9.67233440489e-05
9.40800484566e-05
5.79758689141e-05
0.000194842889437
0.000177175157956
0.000697435476834
0.000177175157956
0.000370314996319
0.000205174503226
8.4443923425e-05
5.73610429403e-05
0.000125382297146
0.000298697069541
0.000149420043383
0.000558001369722
0.000113539104967
0.000113539104967
0.000257296923791
0.000144176641228
0.000257296923791
0.000144176641228
0.000672834356778
0.000226816901414
0.000150023809911
0.000113539104967
5.68445636357e-05
5.68445636357e-05
0.000504870986485
0.000168943942219
0.000102113942283
0.000102113942283
5.87155168127e-05
0.000102113942283
0.000102113942283
0.000265496632043
0.000136027032268
6.39595408175e-05
0.000175300209849
0.000101654124124
0.00026867757135
0.000126362264898
8.57090163424e-05
8.57090163424e-05
0.000146942058426
0.000278416531755
0.000146942058426
0.000299502266923
0.000164593652905
0.000123555687382
0.000123555687382
0.000164593652905
0.000275966260808
0.00011771826063
0.00011771826063
0.000157487708696
0.00051009741234
0.000157487708696
0.000179848469771
0.000157487708696
0.000157487708696
0.000283979095755
9.05554325003e-05
0.000148682588717
0.000224795418959
0.000277987601468
0.000277987601468
0.000148750546291
0.000103187315895
0.000103187315895
6.10413277797e-05
6.10413277797e-05
0.000389453058648
0.000195186271361
0.000131018049607
0.000146303480937
7.98946673973e-05
5.93650016204e-05
5.93650016204e-05
9.02485482985e-05
9.02485482985e-05
8.90449038496e-05
5.73796471358e-05
5.73796471358e-05
0.000186266215964
5.73796471358e-05
8.48359549115e-05
0.000459758063005
0.000380082825156
5.8081658955e-05
0.00028523100941
0.000283280780716
9.16263467175e-05
6.27727562688e-05
0.000190766882869
0.000190766882869
0.000190766882869
0.000190766882869
0.000190766882869
0.000229970572516
8.5531580215e-05
0.000101222466472
0.000145528273735
0.000445550389235
0.000339393408577
0.000174458085142
0.000122987500242
0.000122987500242
0.000178155715727
0.000241641529223
0.000301220837136
0.000125917319345
8.21298931521e-05
9.98030204185e-05
0.00025143607188
0.000104399219098
0.000104399219098
0.000706611331435
9.13441999414e-05
0.00107032044567
0.000210836504475
0.000163670726052
0.000239008821969
4.91446982074e-05
4.91446982074e-05
4.41550054114e-05
0.000377430971212
0.00016348095051
5.91031472627e-05
5.91031472627e-05
0.000225386049645
0.000198248282097
0.000364829639645
0.000178875023623
0.000178875023623
9.67562187368e-05
0.000398124359439
0.00016828856655
0.00016828856655
0.00016828856655
0.00016828856655
6.96580677152e-05
6.96580677152e-05
0.000413524372735
0.000216746718427
0.000165503267022
0.000298089724938
0.000160160057767
0.000118610674699
7.25519970336e-05
0.000165503267022
0.000160160057767
5.94275813358e-05
0.00020910817657
0.000541365478413
0.000120647163761
0.000120647163761
0.000120647163761
0.000120647163761
0.000120647163761
0.000191642121687
0.000453977078172
0.000389240551595
0.000118700044869
0.000135229436272
0.000204259304577
0.000105689986321
0.00010568998632
0.000105689986321
0.00010568998632
9.29941619649e-05
0.000327654397031
0.000265361104488
0.000123750803733
0.000123750803733
8.97741870761e-05
0.000329859748995
0.000118794770398
0.00012279590862
0.000128138634351
0.000500315724916
0.000128138634351
0.000347488793394
0.000183809954252
0.000155613225219
0.000173263316805
0.000161683229627
0.000183957589367
0.000150668941707
5.82185476062e-05
0.000554299612961
0.000272036119224
5.82185476062e-05
0.00033415349103
0.000341133726817
5.82185476062e-05
5.82185476062e-05
0.00046991748679
6.19750022694e-05
0.000165192624599
6.07622264627e-05
0.000290340386286
8.3838500814e-05
0.000113873997796
0.000497808507449
0.000193994635255
0.00021214645013
0.000241544229214
0.000199683338033
8.89605902784e-05
0.000177351652202
0.000368721582658
0.000150662904937
0.000172048500668
0.000134300611676
0.000264079746828
0.000150662904937
0.000502287999023
0.000438910210209
5.71071547268e-05
0.000111220774671
6.14569400589e-05
0.000163516595585
6.14569400589e-05
0.00026074842886
0.000129927219827
0.000174148493322
0.000129927219827
0.000103043156884
0.000278553532975
0.000103043156884
0.000353268124427
0.000127609291758
6.80767829352e-05
0.000104772816729
0.000116265959667
0.000151036138402
0.000104772816729
9.08389828218e-05
5.8322368257e-05
9.59380973014e-05
0.000288934351074
0.000138190277865
0.000138190277865
0.000540439791182
0.000188092060439
0.000165325179546
0.000165325179546
0.00022722858843
0.000131116413121
0.00036105023038
6.69766194083e-05
6.69766194083e-05
0.000248280408856
9.85625504578e-05
0.000297279351054
0.000109184288914
0.000149501614517
0.000264155095306
0.000149501614516
0.000149501614516
0.000122787512136
5.21185989322e-05
0.000156300391724
0.000104680380874
0.000183726376244
7.42206131569e-05
0.000127755995412
0.000132841841668
0.000132841841668
0.000318925677185
0.000135456601006
0.000267189427182
0.000152640122287
0.000294941764232
0.000135456601006
0.000163128733849
0.00015946188554
0.000119796349406
0.000119796349406
0.000110270684838
0.000142407933202
0.000186025783076
0.000142407933202
0.000142407933202
0.000118860594993
0.000158219609494
0.000441749588048
0.000332863753552
0.000154847433281
0.000244278791432
6.79097939322e-05
6.79097939322e-05
6.79097939322e-05
6.79097939322e-05
0.00054215898798
0.000109910056072
0.000332270587474
0.000257808803432
6.79097939322e-05
0.000133684383627
6.79097939322e-05
0.00019618307961
0.000196183079609
0.000196183079609
0.000196183079609
0.000196183079609
0.000196183079609
0.000196183079609
0.000196183079609
0.000196183079609
0.000196183079609
0.000196183079609
0.000196183079609
0.000196183079609
0.000196183079609
0.000196183079609
0.000419945007508
0.000196183079609
0.000251187124186
0.000251187124186
0.000251187124186
0.000251187124186
0.000251187124186
0.000251187124186
0.000251187124186
0.000251187124186
0.000251187124186
0.000251187124185
0.000251187124185
0.000251187124185
0.000251187124185
0.000251187124185
0.000251187124185
0.000251187124185
0.000251187124185
6.0397234631e-05
0.000130132813491
0.000104030950021
0.00011279235506
0.000277529935192
0.000177507801944
0.000244308659873
0.000286758009155
0.00012361504205
0.00012361504205
0.000149356441088
0.000127161515544
0.000291866895797
0.000144720395759
0.000100032785056
0.000121674508989
0.000155359272391
0.000155359272391
0.000121674508989
8.34425036379e-05
0.000105551535971
0.00010423554795
0.000301543415745
6.1300148624e-05
9.48337011638e-05
0.000211492396672
0.000118069534894
8.31654334096e-05
9.69201142044e-05
0.000118069534894
0.000187804225398
0.000182083831228
0.000111534478552
7.51477156191e-05
0.000130691679337
0.000112840021449
7.51477156191e-05
0.000221719446061
0.000130691679337
9.68914804361e-05
0.000234308064602
0.000489067179113
0.000176184466028
0.000163210260671
0.000141038721561
0.000279844232839
0.000107904231735
0.000187659533452
0.000187659533451
0.000148696369932
0.000234676268912
0.000228717342229
0.000118997897963
0.000200622991762
6.0174851668e-05
9.25764751503e-05
7.84837395743e-05
7.84837395743e-05
0.000234632392535
0.000822017237901
0.000130029907405
0.000121904118132
0.000120099102288
0.00041198961742
0.000131785048513
0.000202461558936
0.000198869994312
0.000192361882105
0.000185288423568
0.000195015468895
0.00048440636583
0.000307136220016
9.50672400182e-05
0.000120099102288
0.000112115619681
0.000325054185529
0.000266756521102
0.000220574122839
0.000232432760876
0.000734912799007
0.000118708685118
0.000243105850776
6.34320848464e-05
0.000277247163707
0.000186554928592
0.000122632297151
0.000122632297151
0.000146942058426
0.000278416531755
0.000146942058426
0.000108415658507
0.000224326497849
0.000164943790847
9.45700958486e-05
0.000263153940686
0.000153818657076
9.67771559382e-05
0.000205868793039
0.000205868793039
9.83865749674e-05
7.09044548969e-05
7.09044548969e-05
7.30505199516e-05
0.000106584072491
0.000278416531755
0.000146942058426
0.000146942058426
5.53938292524e-05
0.000182105471884
0.000124544638704
6.85234303275e-05
0.000282461833839
0.000398103794541
0.000109415598951
0.000109415598951
0.0007279475951
0.000335673789793
0.000151498912906
0.000104900099169
0.000104900099169
0.000151498912906
7.83940002435e-05
0.000154426347002
0.00012546176544
7.2140515128e-05
7.2140515128e-05
0.00012546176544
0.000190766882869
0.000190766882869
0.000266786227434
8.53071057602e-05
8.53071057602e-05
0.000241359414105
7.60328010998e-05
0.000146942058426
0.000278416531755
0.000146942058426
0.000149967659286
0.000210084820011
0.000149967659286
0.000121300219256
0.000307386640127
0.000103394296507
0.000121300219256
0.000115414877444
0.000133219266877
0.000133219266877
7.66010784544e-05
6.4309944909e-05
9.75203068676e-05
0.000141337185167
8.83234371132e-05
6.35339158592e-05
0.000287567275295
9.15954526135e-05
0.000231095008565
0.000166179567941
0.000158969102653
5.84359905422e-05
0.000101627809639
0.000124920101976
0.000213221960472
0.000129563629132
0.000101627809639
0.000163349097252
5.84359905422e-05
0.000112746536405
9.42242439211e-05
0.000168415310019
0.000190766882869
0.000190766882869
0.000119545933318
5.49904710179e-05
0.000225700313767
0.000150514763844
0.000123817876136
0.000185966566438
0.000185966566438
0.000190766882869
0.000190766882869
0.000130503285253
0.000560965096893
6.79317732493e-05
0.000325942833665
6.79317732493e-05
0.00028464921453
5.93985222766e-05
0.000523862773987
0.000781153975347
9.20837411151e-05
0.000382152218999
0.000280307022859
8.3019288379e-05
0.000138236450126
0.000253366762423
0.000253366762423
0.000278416531755
0.000146942058426
0.000146942058426
0.000112257018943
0.000104837856012
0.000161825053282
0.0001014893927
6.64065871801e-05
0.000112257018943
0.000142534735166
0.000230507312701
9.64917517962e-05
9.75772350709e-05
9.75772350708e-05
7.3381849444e-05
0.000158000530636
0.000137238523426
0.000140285036749
0.000291984414095
0.000291901860723
9.06617204257e-05
9.06617204257e-05
0.000136066693484
0.000136066693484
6.92496326077e-05
0.000104441008683
6.56965634641e-05
0.000190766882869
0.000190766882869
0.000129209913674
8.35292457418e-05
0.000452629753782
6.31708429751e-05
0.00024392336855
0.000399884737259
6.31708429751e-05
0.000547680893427
8.57488402675e-05
0.000179217324697
5.45773426481e-05
4.61764250787e-05
9.95608141872e-05
4.61764250787e-05
4.61764250787e-05
0.00015472737763
0.00015472737763
0.00015472737763
0.000304246494576
0.000141249000529
0.000291303170333
0.000261425286548
0.00027772143232
6.5559249629e-05
0.000299319022645
7.51093767851e-05
7.51093767851e-05
7.51093767851e-05
6.36329738733e-05
6.36329738733e-05
0.000110666041519
0.000110666041519
6.06595973185e-05
6.06595973185e-05
0.000271431763717
0.000394765240155
7.8908909648e-05
6.90271405454e-05
6.90271405454e-05
9.62447622091e-05
6.90271405454e-05
3.79766943374e-05
0.000202120296837
5.63360352422e-05
8.79748188151e-05
0.000118647835451
8.25131902052e-05
5.63360352422e-05
0.000257537350542
8.93050006073e-05
9.36899312231e-05
5.8151579869e-05
0.000173392411736
0.00016723930049
0.000212879538334
5.73130077134e-05
0.000110668945589
0.000134374590287
7.98048480439e-05
0.000302257533134
5.1250247608e-05
7.38569687891e-05
0.000330905697904
0.000122466095016
0.00011355912293
0.000122466095016
0.000201152287834
9.82858689981e-05
0.000219006815869
0.000360113473
0.000105638566467
0.000138520024227
0.000138520024227
0.000214650459459
0.000138520024227
0.000104391902316
0.000104391902316
0.000190766882869
0.000190766882869
0.000233760542093
0.00010611058972
9.63099438828e-05
9.65769133821e-05
6.23943347882e-05
0.000121061837306
0.000350899172334
0.000145391046521
0.000338266249549
0.00012207029117
0.00012207029117
0.000123424497686
0.000110121384974
0.000133931106535
0.000178686054644
0.00021522622849
6.29133733021e-05
6.29754828927e-05
0.000120958896646
0.000228737805099
0.00050611478903
0.000108903225186
0.000428493524185
8.19980592008e-05
8.76873977424e-05
8.76873977424e-05
0.000438806714756
0.0002458257527
9.99976684197e-05
9.99976684196e-05
7.46784246054e-05
0.000149352602415
0.000124270799676
9.07663371054e-05
0.000124270799676
0.000152509426308
9.34315386113e-05
0.000313959430996
8.44292848392e-05
0.000227144678789
0.000252859420447
0.000149105649173
9.29726914207e-05
7.09316031148e-05
0.000199178203894
0.000596747490782
0.000199178203894
0.000199178203894
0.000169697847845
0.000169697847845
0.00025453421875
0.000116132888451
0.000115094532554
0.000113243015042
5.67947750507e-05
0.000193637645854
0.00034686056708
0.000211708024148
0.000203561910678
8.68593386574e-05
0.000321516309391
0.000394963217298
6.90204986692e-05
6.90204986692e-05
9.81052040955e-05
6.90204986692e-05
6.90204986692e-05
0.000147982732877
0.00011909799714
8.6000427837e-05
0.00011909799714
8.60004278369e-05
0.000150874857953
5.32926573017e-05
5.5369328387e-05
0.000107897208149
9.11974413563e-05
0.000107897208149
0.000166123868853
9.11974413563e-05
4.65837145813e-05
0.000120169783777
0.000180502204624
0.000239285216882
0.000120169783777
8.75147183236e-05
0.000124682450707
9.15713325674e-05
9.97643711524e-05
0.000278549090524
0.000177855798714
0.000212627075613
0.000103734910244
0.000102087155871
0.000220321260005
0.000187639275698
0.000146396200386
0.000146396200386
0.000146396200386
0.000107500018443
8.64624335633e-05
0.000119969184266
0.000160689205235
8.34162012305e-05
6.5588637446e-05
5.82100547932e-05
0.000277934003482
0.000143948213456
0.00018245157536
0.000127748915656
0.000144251018632
0.000110358161741
6.31273943371e-05
6.31273943371e-05
6.31273943371e-05
6.31273943371e-05
0.000146572208137
9.17426440526e-05
0.000285799954068
0.00017257844885
0.000136654917712
0.000278991655493
0.000136030268214
0.000388193132797
0.000136030268214
0.000134876702674
0.000108932960796
0.000240278602099
0.000134876702674
0.000202042406938
6.36978379508e-05
9.69836599317e-05
0.000201832161004
0.000281688816546
8.58008113816e-05
0.000308231412274
0.000361309562581
0.000101312814608
0.000199840027168
0.000161452428956
0.000165246549168
6.70041734547e-05
0.00018382039223
0.000130400426107
0.000406608584749
0.000140873071041
0.00026702963458
0.000322161988442
8.64348617121e-05
8.53473401913e-05
0.000114528267109
0.000114528267109
0.000119089311895
0.000119089311895
0.000307332693949
0.000105936986828
8.3803702143e-05
5.56355960834e-05
5.56355960834e-05
5.56355960834e-05
0.000199865694058
7.58657379251e-05
9.20648186323e-05
0.000151913313495
0.000151913313495
0.000218340670726
0.000151913313495
0.000187637271829
0.000217223205876
6.42612908228e-05
0.000150294142335
0.000104152414585
0.000305959933562
0.000186065125698
0.000186065125698
0.00014022299328
0.000186065125698
0.00014022299328
0.000225019382023
0.000176380733331
0.000176380733331
0.000109366414731
0.000176380733331
0.00015498712292
0.000171065616049
0.000198920706506
0.000191296575187
0.000131074767585
0.00010471187912
0.000124897318238
0.000128452672283
0.000107377913086
5.63806654378e-05
0.000209865194306
0.000128452672283
0.000112712652277
0.000252499934369
8.59719153446e-05
8.06103766113e-05
7.9612280079e-05
0.000170881519969
0.000442357321416
0.000163148862007
0.000296314165053
0.000159681579224
0.000159681579224
6.27761403033e-05
0.00010917589618
0.00010917589618
0.000164344631475
9.36962012162e-05
0.000127272224902
0.000167559304235
0.000112003625813
0.000155022864969
0.000371439513487
0.000143977609664
0.000189021801494
0.000420352895388
0.000185133380048
6.80804807385e-05
0.000277688367107
7.58220548386e-05
0.000174973972704
0.000174973972704
0.000174973972704
0.000185853464748
0.000232150908041
0.000107602754948
0.000233344895636
0.000274982428215
7.93501429385e-05
0.000202041047296
7.93501429385e-05
9.79381036921e-05
9.79381036921e-05
0.000146452425714
0.000229136581616
6.2159720193e-05
0.000107781500727
0.000244415275147
0.000284299816808
0.000223940198014
6.0833217741e-05
0.000125665570589
9.49653911282e-05
0.000161240485605
0.000437572915556
0.000106006041926
0.000120841949789
5.94636984734e-05
0.000227292169471
0.000424847090902
0.000488968153266
0.000164320575003
0.00011580606065
0.00011580606065
0.000161978821997
0.000201658237253
0.000177230250768
9.52703362444e-05
0.000177230250768
9.7846934731e-05
0.000156232431171
0.000104791118783
0.000104791118783
0.000104791118783
5.84247625391e-05
7.78750959528e-05
0.000177230250768
0.000177230250768
0.000177230250768
7.26049092688e-05
9.52703362443e-05
0.000301339982426
9.78469347309e-05
7.26049092688e-05
0.000177230250768
0.000237656285544
9.52703362443e-05
0.000126851045994
9.95193280673e-05
0.000357951494515
7.93248274868e-05
0.000134094658979
0.000121607931019
0.000134094658979
0.000193305287619
0.000243980567141
0.000509199832124
7.00917288444e-05
0.000493642663533
0.000190766882869
0.000190766882869
0.000190766882869
0.000120633924492
6.12958110915e-05
6.12958110915e-05
7.90658832236e-05
0.000306844049972
0.000115554179923
0.000218985452037
0.000121683849546
0.000326031595713
0.00016595062053
0.000326031595713
0.000317364489275
7.48028418231e-05
0.000168824164487
0.000168824164487
8.72094094522e-05
5.63092252095e-05
0.000190766882869
0.000190766882869
0.000148970760801
0.00012271102469
7.05588391969e-05
0.00012271102469
7.05588391969e-05
0.000128957243987
0.000120945454414
0.000275327556653
0.000106648648306
0.000245439080296
0.000111591749064
0.000177419210427
0.000106648648306
6.45117436952e-05
0.000181366110369
9.30106425018e-05
9.62493036412e-05
6.03525923766e-05
0.000149234483056
0.000110374812522
0.000190032051198
6.9993001642e-05
6.9993001642e-05
9.07690361689e-05
9.07690361688e-05
0.000143946604535
5.05798396547e-05
0.000141328807668
0.000223157043498
0.000141328807668
0.000141328807668
0.000141328807668
0.000207376073923
0.000242910572214
0.000158615369469
0.000315092640381
0.000127396793886
0.000127396793886
0.000105655304125
9.44105171196e-05
9.17388477939e-05
0.000283633953423
0.000362495451427
0.000141414281154
0.000279689738578
0.000190766882869
0.000190766882869
0.000173313034028
0.000102273071892
0.000135919742327
6.85845952737e-05
0.000204886380789
0.000291604032867
0.000151322519183
0.000130733589158
0.000320888890738
0.000216959987148
0.000216959987148
0.000130733589158
0.000104870669255
0.000104870669255
0.000211064510019
0.000211064510019
0.000211064510019
0.000338088370246
0.000211064510019
7.65108848819e-05
7.65108848819e-05
0.000112456183127
7.90310908952e-05
0.000222211667359
0.000222211667359
0.000247685074878
0.000222211667359
0.00027838778295
0.000222211667359
0.000222211667359
0.000222211667359
0.000222211667359
0.000222211667358
8.20321837841e-05
0.000222211667358
8.2032183784e-05
0.000222211667358
0.000222211667358
0.000222211667358
0.000222211667358
0.000190766882869
0.000190766882869
0.000190766882869
0.000114500104872
0.000114500104872
6.62527084215e-05
9.00721530617e-05
0.000313386228263
8.95159241434e-05
0.000246084834995
0.000181900729409
0.000150320778106
0.00014381134096
8.8094350619e-05
0.000190766882869
0.000190766882869
0.000161780867209
0.000161780867209
0.000211980225407
0.000161780867209
0.000161780867208
0.000152636802657
6.05860270671e-05
0.000199365786714
0.000247681336823
6.05860270671e-05
0.000152636802657
9.44782108085e-05
0.000284680954821
0.000124725562258
9.31946277019e-05
0.000161381690872
0.00016231918981
0.00016231918981
0.000304557655107
0.00016231918981
0.00016231918981
8.62909071227e-05
8.62909071227e-05
0.000446598319202
0.000104536746695
0.00018180303773
0.00018180303773
0.000201737024283
0.000104536746695
0.000190766882869
0.000190766882869
8.11664410196e-05
0.000190766882869
0.000190766882869
0.000279844232839
0.000187659533452
0.000107904231735
0.000187659533451
6.19008544115e-05
6.19008544115e-05
0.000211316478573
6.19008544115e-05
0.000130931635795
0.000204519428455
0.000165628610176
0.000123864407661
8.83726963514e-05
0.000154332975225
0.000123864407661
8.83726963514e-05
0.000250529726894
8.66599483356e-05
0.000219639908313
0.000106021196504
0.000176040953592
0.000176040953592
0.000176040953592
6.74444956143e-05
6.01350046035e-05
0.000492059170502
0.000213798938228
0.000220624528809
0.000139973191724
0.000220624528809
0.000180182785746
0.000133325186755
0.000279589206559
0.000190766882869
0.000190766882869
0.000190766882869
0.000190766882869
0.000190766882869
9.8611395608e-05
0.000411743312809
9.8611395608e-05
9.8611395608e-05
0.000374526009944
0.000195100067975
0.000161704873944
0.000161704873944
0.000122781750605
0.0002658223965
0.000161704873944
8.39214781642e-05
0.000114798282386
0.000202784117543
0.000270319570886
0.000356570376746
0.000289898812252
0.00011435326775
0.000110742372007
8.32775231248e-05
0.000110347797442
0.000116804310376
9.02617699527e-05
0.000100427608561
0.000116804310376
0.000170633358256
0.000100427608561
9.02617699526e-05
0.000256486713704
6.52828434669e-05
0.000198651063883
0.000404300696354
9.7106787753e-05
7.81844327855e-05
0.000111482748899
5.50260568787e-05
0.000111482748899
0.000283469647536
6.40638893369e-05
0.000223351220707
6.40638893369e-05
9.65468279517e-05
0.000104222089404
5.96110490705e-05
5.97684531689e-05
6.92390837274e-05
0.000163807915997
0.00045717659138
0.000242758532794
0.000176239233866
0.000176239233866
8.02012206493e-05
0.000216957946454
0.000146942058426
0.000278416531755
0.000146942058426
0.000190766882869
0.000190766882869
0.00010153449473
0.000487258402516
0.000290439690066
0.000235974697832
6.62668180794e-05
0.000207213254551
0.000150336426564
0.000207213254551
6.62668180794e-05
0.0002585524109
0.000207213254551
0.000207213254551
0.000190766882869
0.000190766882869
0.000190766882869
0.000190766882869
6.55028590441e-05
0.000113918015729
0.000163217333437
6.55028590441e-05
0.000263747708492
0.000479063311028
0.000113918015729
6.55028590441e-05
0.000102693429241
0.000163217333437
0.000131994021811
0.000163476118932
9.53745221302e-05
0.000139358022606
0.00024813195637
0.000133474447277
0.000116356985494
0.000116356985494
9.98277367302e-05
0.00016231918981
0.00016231918981
0.000304557655107
0.00016231918981
0.00016231918981
0.000190766882869
0.000190766882869
0.000131689259433
0.000131689259433
0.000166151451842
0.000201377524168
6.01431234853e-05
0.00023430620432
0.000176021012381
0.000176021012381
0.000144814234953
6.39514803154e-05
0.000101212082119
0.000219180010608
0.00017602101238
0.000144814234953
0.000122575256918
0.000122575256918
0.000101401281157
0.00015132357713
0.000292801215648
9.25993459756e-05
0.000101401281157
0.000120113410131
8.83990722709e-05
0.000243495316092
6.39886003976e-05
6.39886003976e-05
0.000100903613711
6.39886003976e-05
0.00014259337634
6.39886003976e-05
0.00024523389782
0.000169151254132
0.000220766787412
0.000158394523356
0.000130443607462
0.000158394523356
0.000211296755379
0.000130443607462
6.21485849704e-05
8.78408851193e-05
6.21485849704e-05
0.000270574149419
0.000117516748079
0.000172728107563
5.71524317071e-05
5.71524317071e-05
0.000145884885113
0.000116245221186
0.000140702873058
0.000106269654975
0.00013801957899
0.000165357030556
0.000252152483414
0.00021921932845
0.000137694396688
0.000111929475967
8.05483649275e-05
0.000183215258516
6.6153759413e-05
6.6153759413e-05
6.6153759413e-05
0.000105087001848
6.6153759413e-05
6.6153759413e-05
6.6153759413e-05
0.000235695061524
0.000192828428996
5.77670566329e-05
0.000176161620651
0.000112825366802
5.46788725115e-05
0.000114205644205
0.000126684745177
5.46788725115e-05
8.1847378347e-05
0.000114205644205
6.79888224386e-05
0.000253018893727
0.000221007093032
8.40144233925e-05
0.000325878770365
0.000146112040682
0.000146112040682
8.40144233925e-05
5.42959316649e-05
0.000138319178741
0.000132497780928
0.000125142275091
0.000125142275091
0.000192387326709
0.000104746075548
0.000121087575413
0.000501400272832
0.000241873268445
8.49530775836e-05
8.9935040022e-05
0.000403717974583
0.000167336881287
7.58104410972e-05
0.000111607164703
0.000111607164703
8.78681737864e-05
0.00027334005139
0.000190766882869
0.000190766882869
7.57692405852e-05
0.000344537093567
0.000110545478399
0.000190766882869
0.000190766882869
0.000190766882869
0.000190766882869
9.40571580554e-05
0.000157492853609
0.000195424683606
0.000195424683606
0.000139355686474
0.000164619909822
8.08281898331e-05
5.47687495328e-05
0.000190766882869
0.000190766882869
0.000133663112156
0.000165150999262
0.000165150999262
0.000104116934317
0.000165150999262
0.000165150999262
0.000104116934317
0.000134450815274
0.000134450815273
4.87384205367e-05
0.000134450815273
0.000134450815273
6.39322568186e-05
0.000103989484616
0.000271464012037
0.00012755715951
0.00012755715951
7.33453667183e-05
7.04607819997e-05
0.000390444933309
0.000255769041378
0.00022531549071
0.000201939306688
0.000201939306687
0.000147767453684
0.00014304730622
0.000141293076419
0.000258749345661
9.94265907715e-05
4.81664158309e-05
0.000150353865407
0.000150353865407
0.00021056514097
0.000101082927488
0.000101082927488
0.000190766882869
0.000190766882869
0.000190766882869
0.000201522952786
0.000201522952786
0.000119954138563
0.000201522952786
0.000201522952786
0.000119954138563
0.000201522952786
0.000201522952786
0.000147558024129
0.000178623385496
6.99299103468e-05
0.000118943583684
0.000135805050844
0.000269711559974
8.95856307521e-05
0.000143460231345
0.000202288893162
0.000171364403618
7.88727515424e-05
7.83788670427e-05
0.000199747913829
0.000225807218936
7.10614641192e-05
0.000335880022369
0.000145055486091
0.000118167879338
6.83314141745e-05
0.000234524541944
6.83314141745e-05
0.000136437387119
0.000136437387119
0.000140894560899
0.000140894560899
0.00012890147133
0.000618744796246
8.82297553085e-05
5.72755039998e-05
0.000132923891868
0.000132923891868
7.19473973223e-05
5.37327612614e-05
0.000237231452327
0.000242234664457
0.000135576020365
0.000213265650013
0.00033664822189
8.47696517935e-05
0.000213265650012
5.37327612614e-05
0.000213265650012
0.000140374265112
0.000167099294367
0.00016011797193
0.000323420319348
0.000213265650012
0.000190766882869
0.000190766882869
0.000190766882869
0.000190766882869
5.52155935094e-05
5.52155935094e-05
0.000105050632083
0.000106623303027
0.000205003648678
0.000146942058426
0.000278416531755
0.000146942058426
0.000122081934505
8.29338137672e-05
8.0146011463e-05
0.000122081934505
8.74920530619e-05
0.00010661213711
0.000117425665962
8.19218575403e-05
0.000101744786665
0.000104512161356
4.82907078873e-05
0.000300739623306
9.14031424374e-05
6.79631297146e-05
0.000135281921931
5.28291668275e-05
0.000135281921931
0.00033086919983
7.084441013e-05
0.000252095878472
0.000114914819554
0.000141186510816
0.000185860439762
9.01478739533e-05
5.75279028227e-05
0.000354171544908
6.00754593376e-05
0.000157275415277
5.81520228222e-05
5.94106806986e-05
0.000410103105964
5.66621573847e-05
9.26847370549e-05
9.85428824082e-05
9.85428824081e-05
0.00029273527618
5.66621573847e-05
9.86406548623e-05
9.86406548623e-05
6.51334152605e-05
0.000113275504801
0.000113275504801
6.51334152605e-05
8.99558308394e-05
0.00013476356465
4.83795659462e-05
0.0001712386357
0.000134143731963
0.000134143731963
0.000271210567128
0.000145712171354
0.000212259392988
0.000249590567617
6.48602778488e-05
0.000145645811255
0.000140525686612
9.83362379811e-05
0.000140525686612
6.48602778488e-05
0.000123557267696
0.000123557267696
0.00010551693412
0.00010551693412
0.000159775028449
9.64705125478e-05
0.000325582584845
0.000116223851077
0.000275216544073
0.000114878150766
0.000202376438748
0.00026539810726
0.000381427137352
0.000171055812788
7.44988258738e-05
0.000152047088001
0.000164901538419
0.000113054078663
0.000216390328834
0.000401324764923
0.000120580922185
0.000216390328833
0.000113896544977
0.000216390328833
0.000182040996925
8.88917444849e-05
0.000209382977056
0.000132345991942
9.8724467738e-05
0.000190766882869
0.000190766882869
9.35008814129e-05
0.000267108317244
0.000177568750642
0.000196168070655
0.000196168070655
0.000266601389391
0.000196168070655
0.000177568750642
0.000177568750642
8.93086968822e-05
0.000193456435613
0.000188030875117
0.000274965411662
0.000151643662768
0.000151643662768
0.000224083235592
0.000145619176762
0.000228421197281
0.00021874407004
0.000125694041275
0.000208400474338
5.93753574003e-05
0.000550116157405
0.000200918940357
8.70648741547e-05
0.000151417172443
0.000151417172443
8.70648741547e-05
0.000200918940357
8.70648741547e-05
0.000200918940357
9.20068509555e-05
5.95152166732e-05
0.000128381652496
0.000128381652496
5.48816059085e-05
0.000132904578985
0.000118853027858
0.000212070814398
0.000180601491746
6.76944677859e-05
0.000121272698725
6.76944677859e-05
0.000189099638608
6.76944677859e-05
0.000155616136894
7.27062712172e-05
0.000144191051172
0.000171139654143
0.000171139654143
0.000256513848784
0.000256513848784
0.000136561030864
0.000185880337904
0.000185880337904
0.000368311349949
0.000106881194295
0.000106881194295
8.72897321805e-05
0.000118445122155
5.85711801884e-05
0.000101862922067
0.000116559869045
0.000101862922067
7.60771668307e-05
7.60771668307e-05
0.000149412487401
0.000149412487401
0.000149412487401
0.000375384874993
0.00046513467792
0.000145391220231
0.000116226952577
0.000178322190127
0.000122839112813
0.000122839112813
3.82730426062e-05
0.000100710220247
0.000164288985948
6.40540629454e-05
9.31007281738e-05
0.00012344985079
5.95522722428e-05
0.000155947832222
0.000125830100937
5.95522722428e-05
0.000155947832222
0.000312489283763
0.000164282130325
0.000164282130325
5.95522722428e-05
0.000164282130325
0.000164282130325
0.000123950150989
0.000123950150989
0.00017868138649
9.52255194349e-05
0.000136570891167
0.000136570891167
5.99183359186e-05
0.000109144046726
0.000109144046726
0.000109144046726
0.000109144046726
6.50997373739e-05
0.000113216934563
0.000113216934563
0.000258636443742
6.50997373739e-05
0.000152187813223
0.000152187813223
6.55464123934e-05
7.63907889043e-05
0.000138469908835
0.000163250169095
0.000138469908834
0.000161385717336
0.000133928489289
0.000112291149725
0.000113285191571
8.33496639747e-05
8.52782368013e-05
0.000190766882869
0.000190766882869
0.000190766882869
0.000148859535196
0.000129123560269
0.000208896939159
0.000190237781877
5.97251615931e-05
0.000269041862687
0.000215905910974
0.000215905910974
0.000125234852377
0.000125234852376
0.000188606781883
8.20536206306e-05
0.000190766882869
0.000190766882869
0.000190766882869
6.47032011316e-05
0.000363958594718
0.000134431694351
0.000131071361632
8.57485025297e-05
0.000190766882869
0.000190766882869
0.000204809816475
0.00043058898319
6.44648299867e-05
6.44648299867e-05
0.000105731143176
6.86178771616e-05
6.2942451157e-05
0.000131808603957
0.000131808603957
0.000144782376954
0.000120580922185
0.000115741583119
0.000193891796865
0.000109628293925
0.000154138324966
9.42717906101e-05
6.28116571163e-05
0.000126956210645
0.000126956210645
0.000108806264366
6.79589020092e-05
0.000109302004681
0.000109302004681
9.30926317351e-05
0.000222678665608
5.74986593413e-05
5.74986593413e-05
0.000185005438701
5.86927114174e-05
5.86927114174e-05
5.86927114174e-05
0.000129738037224
0.000176699588937
0.000201280791436
0.000129738037224
0.000129738037224
0.000245469774835
7.03448941525e-05
0.00010349478207
0.00010349478207
6.73625075653e-05
0.000160218008072
9.67076858611e-05
0.000129024234565
6.56502813581e-05
7.33601248866e-05
0.000157576760474
0.000157576760474
8.81475412534e-05
0.000157576760474
8.81475412534e-05
0.000107532166816
0.000157576760474
0.000113007315999
0.000113007315999
0.000297090089709
0.000127789174864
0.000127789174864
0.000120819750151
8.10460291085e-05
0.000127789174864
0.000127789174864
0.000127789174864
0.000120819750151
0.000127789174864
0.000366066180641
0.000132333783612
0.000132333783612
0.000132333783612
9.1507693903e-05
0.000190766882869
0.000190766882869
0.000190766882869
0.000190766882869
0.000190766882869
9.05146287709e-05
0.000145646109036
0.000153767330599
0.000180514498339
9.36300937798e-05
0.000138774032561
9.79531741716e-05
0.000138774032561
0.000138774032561
6.0296338419e-05
0.000134925446805
0.000134925446805
0.000193042410023
0.000193042410023
0.000109171451269
0.000202706469808
0.000160851789296
7.13336829943e-05
0.000116908356628
7.11159339579e-05
7.11159339579e-05
6.70678656237e-05
6.70678656237e-05
7.11850625737e-05
7.11850625737e-05
0.000290789787646
5.13406244865e-05
6.66016509365e-05
7.82709964088e-05
0.000221284391022
0.000141573541007
0.000162536981295
0.000131435685742
0.000141573541007
0.000115421415215
0.000144952937193
0.000176436168965
0.000176436168965
0.000128595528177
6.59231992742e-05
6.59231992742e-05
0.000187659533452
0.000187659533452
0.000279844232839
0.000107904231735
0.000320603509322
0.000248193088567
0.00025361760049
7.40338629178e-05
0.000109525574228
0.000142316838264
0.000142316838264
0.000135680826244
0.000135680826244
0.000135570570081
9.40444495159e-05
9.40444495159e-05
0.000230875251217
0.000289857575607
0.000107904231735
0.000279844232839
0.000187659533452
0.000187659533451
7.38846238245e-05
8.7661833493e-05
8.7661833493e-05
8.46537724343e-05
0.00014722395206
0.00014722395206
8.46537724343e-05
0.000122854511635
0.000122854511635
0.000163018486593
0.000163018486593
0.000163018486593
0.000111866017668
0.000159189126772
0.000189663359103
0.000105257999348
0.000156559633671
0.000131873137072
0.000159189126772
0.000149932592683
0.000106874317596
0.000256058699862
0.000196458356098
0.000101164997391
0.000104344227452
9.75659094636e-05
0.000123251930426
0.000115054574432
5.39409995559e-05
0.000130739194376
0.000115054574432
5.39409995559e-05
5.39409995559e-05
0.000322930051089
9.99691220985e-05
8.42977035134e-05
0.000134652042954
0.000176343276872
0.000134652042954
0.000122061236222
9.65006307834e-05
5.42857524311e-05
0.000213367569616
8.5466894706e-05
0.000179632994916
0.000122725319764
5.70454192686e-05
0.000118329039015
0.000115693967068
9.25917457257e-05
0.000122725319764
0.000460011283563
8.5466894706e-05
0.000221089386039
0.000143396689206
0.000113713583104
0.000145472388803
0.000272002072812
0.000208436173763
0.000283270285266
0.000146610408522
8.78903977728e-05
0.000109418977097
0.00014169834135
0.000222148330608
0.000109418977097
0.000117366666405
5.54724412307e-05
0.000195786402281
0.000190766882869
0.000190766882869
0.000190766882869
0.000190766882869
0.000190766882869
0.000190766882869
0.000132006138608
0.000187659533452
0.000187659533452
0.000279844232839
0.000107904231735
0.000261603595709
0.000111652368457
0.000118950932772
0.000269784053361
0.000118950932772
0.000272221586514
0.000119344868986
0.000158352520533
6.01104265304e-05
0.000399208025721
0.000307321299908
9.40431087166e-05
0.000202176608166
6.25477146167e-05
0.000202176608166
0.000202176608166
9.68590325449e-05
0.000110798876207
0.000229192041412
0.000141523595057
0.000148869959757
0.000208719621324
0.000236891253409
0.000187804767953
0.000187804767953
0.000187804767953
0.000187804767953
0.000200939841758
0.000193249021774
0.000317689679734
0.000193249021774
0.000193249021774
0.000193249021774
0.000193249021774
0.000193249021774
0.000193249021774
0.000193249021774
0.000193249021774
0.000193249021774
0.000193249021774
0.000193249021774
0.00011913297206
5.17734083373e-05
5.17734083373e-05
0.000146942058426
0.000278416531755
0.000146942058426
0.000108201809544
0.000108201809544
0.000108201809544
5.72298559356e-05
0.000109156936386
0.000109156936386
8.47176413387e-05
0.000149019347867
0.000149019347867
9.64152583896e-05
0.000127935631325
0.000127935631325
5.54387735741e-05
0.000149019347867
0.000174340050886
0.000122273707351
9.64152583896e-05
0.000122273707351
0.000127935631325
0.000174340050886
0.000158018483886
0.000132642622185
0.000291176546844
6.61971087163e-05
9.13277822647e-05
9.2291949648e-05
0.000225204141247
0.000225204141247
0.000354330699643
0.000225204141247
4.62960961915e-05
0.000225204141247
0.000225204141247
0.000225204141247
0.000261467120685
0.000225204141247
0.000225204141247
0.000225204141246
0.000261467120684
9.18051326353e-05
6.71552274731e-05
0.000267678979993
8.54968156789e-05
0.000137322844215
8.54968156789e-05
0.000121943596555
0.000201204933239
0.000201204933239
0.000201204933239
7.16215771693e-05
0.000414788324169
7.16215771693e-05
0.000126410942389
0.000126410942389
0.000126410942388
0.000126410942388
7.84310843434e-05
9.99633984317e-05
6.03659281923e-05
0.000143058070771
0.000143058070771
0.000262446583158
0.000345693982821
0.000215177874749
0.000102524950719
0.000422140966894
9.94394627461e-05
0.000101227000291
0.00010025853489
0.000195039236722
0.000111506708037
0.000131355298727
0.000131355298727
0.000130002721979
0.000130002721979
7.69042076125e-05
7.69042076125e-05
0.000187406521295
7.69042076125e-05
0.000190766882869
0.000190766882869
0.000223484437063
0.00017060396027
0.000223484437062
0.000223484437062
0.00017060396027
0.000118438663245
0.000223484437062
0.000118438663245
0.00017060396027
0.000170603960269
0.000170259969778
0.000118438663245
0.000118438663245
0.000234239125636
8.76873977424e-05
8.76873977424e-05
9.60989020583e-05
9.60989020583e-05
0.000190766882869
0.000190766882869
0.000311239858534
0.000142348309384
0.000142348309384
0.000119363132837
0.000142348309384
0.000161424797784
0.000129854347469
9.80738627974e-05
9.80738627974e-05
0.00013858014286
0.00013858014286
0.00013858014286
0.000166507819265
0.000166507819265
0.000166507819264
0.000286543425204
0.000147179023175
0.000229324526003
0.000186893997683
6.92086843343e-05
0.000186893997683
0.000229324526003
0.000368311349949
0.000185880337904
0.000106881194295
0.000106881194295
0.000185880337903
9.44572225595e-05
0.000309845600607
0.00023018115706
0.00015967521706
0.00015967521706
0.000146633597792
0.000190766882869
0.000190766882869
0.000190766882869
0.00016099161271
0.00016099161271
0.00016099161271
5.57446692005e-05
5.47530628163e-05
0.000207349011491
3.98283272275e-05
3.98283272275e-05
3.98283272275e-05
9.13879757778e-05
8.97774214779e-05
7.98679332846e-05
9.7545811404e-05
9.7545811404e-05
0.000142704552924
0.000105356206462
7.90924852197e-05
9.34986520656e-05
0.000162192112162
0.000126545373388
7.71682801222e-05
6.69491956418e-05
0.000116433383725
0.000116433383725
0.000122517932337
0.000103845306698
8.64735556791e-05
0.00036143637146
0.000225253181292
0.000326997666234
0.000242558802124
0.000242558802124
0.000242558802124
0.000206035539193
0.000242558802124
0.000242558802124
0.000242558802124
0.0002240206697
0.000242558802123
0.000242558802123
0.000242558802123
0.000242558802123
8.04881689573e-05
0.000242558802123
0.0002240206697
0.000263428324451
0.000242558802123
0.000242558802123
7.62479024254e-05
0.000224020669699
0.000224020669699
0.000206035539192
0.000242558802123
0.000101830942418
0.000101830942418
7.55804684363e-05
0.000131444292933
0.000131444292933
7.10477325522e-05
7.10477325522e-05
0.000278416531755
0.000146942058426
0.000146942058426
0.000249097089304
0.000159177337312
7.37152780021e-05
0.000216959959266
6.00347867065e-05
0.000127172014866
0.000132205099269
0.000132205099269
8.35070044333e-05
0.000320454737509
0.000190766882869
0.000190766882869
0.000190766882869
0.000316286436549
8.4661420485e-05
0.0001706210537
7.96301353474e-05
0.000190116292255
8.23837266437e-05
0.000190116292254
0.000190116292254
8.29217742216e-05
0.000253984737693
0.000128711199838
9.08164301774e-05
0.000128711199838
0.00023724236051
0.000196667232383
0.000128711199838
0.000199893012562
0.000199893012562
0.000199893012562
0.000199893012562
0.000199893012562
0.000199893012562
0.000199893012562
0.000199893012562
0.000199893012562
0.000199893012562
0.000199893012562
0.000199893012562
0.000199893012562
0.000199893012562
0.000199893012562
0.000199893012562
0.000199893012562
0.000199893012562
0.000199893012562
0.000199893012562
0.000199893012562
0.000199893012562
0.000199893012562
0.000152889713405
0.000152889713405
0.000152889713405
9.26094420352e-05
0.00014435810552
0.00014435810552
0.00014435810552
8.30059106741e-05
0.000190766882869
0.000190766882869
6.84604145517e-05
6.84604145517e-05
0.000190766882869
0.000190766882869
0.000368311349949
0.000106881194295
0.000185880337904
0.000106881194295
0.000185880337903
5.55174435538e-05
0.00017294876788
0.000226497510099
0.00017294876788
0.000388712994796
0.00012394661698
0.000128162985697
0.000184754433926
0.000128162985697
0.000278416531755
0.000146942058426
0.000146942058426
0.00016187885679
0.00016187885679
0.000161878856789
6.23086454863e-05
0.000126777580977
6.23086454863e-05
0.00012568656762
0.000125686567619
5.61139978243e-05
0.000178210364838
0.000141388037528
0.000141388037528
0.000141388037528
4.91448358561e-05
0.000108569234131
0.000108569234131
0.000108569234131
0.000108569234131
0.000111903337409
0.000111903337409
5.4476101763e-05
0.000220135722205
0.000189230141276
0.000189230141276
0.000189230141276
0.000220135722205
0.000108807331234
0.000220135722205
0.000189230141276
0.000279844232839
0.000187659533452
0.000187659533451
0.000107904231735
0.000190766882869
0.000190766882869
6.95790749622e-05
0.000197550094216
0.000128900232092
0.000444227047241
0.000107967329915
0.000142681254728
0.000106081191157
0.000233569763007
0.0001957317575
0.000106081191157
0.000107967329915
0.000150496375388
0.000150496375388
0.000145557555645
0.000150496375388
0.000190766882869
0.000190766882869
0.000190766882869
0.000146942058426
0.000278416531755
0.000146942058426
6.30334974496e-05
5.55037262823e-05
5.85287103302e-05
4.4479926683e-05
0.000179733018402
0.000136691471273
0.000190766882869
0.000190766882869
9.20915198927e-05
8.02253536782e-05
8.02253536782e-05
6.77060201709e-05
8.34925455449e-05
6.32841656069e-05
0.000236416531399
8.53079807997e-05
5.12761505287e-05
6.86479015473e-05
7.08485027566e-05
9.2454421465e-05
6.26633482908e-05
0.000172864409078
0.000172864409078
0.000172864409078
0.000172864409078
0.000190766882869
0.000190766882869
0.000190766882869
6.89169462368e-05
6.48853908748e-05
0.000104758311138
0.000134821308847
0.000134821308847
0.000230151624267
0.000160451988183
7.54207170615e-05
7.54207170615e-05
0.000190766882869
0.000190766882869
0.000190766882869
0.000117362020336
0.000117362020336
9.76822395836e-05
6.52777171946e-05
0.000106299390665
0.000366066180641
0.000132333783612
0.000132333783612
0.000132333783612
0.000320448776203
8.3091324385e-05
0.000144506651104
0.000173860666357
0.000288911426309
0.000144506651104
0.000106881194295
0.000368311349949
0.000185880337904
0.000185880337903
0.000106881194295
0.00016231918981
0.00016231918981
0.000304557655107
0.00016231918981
0.00016231918981
6.85025391614e-05
0.000100675638771
0.000174082232255
0.000130382818822
0.000130382818821
0.000105718490505
0.000119255378695
0.000105718490505
0.000215917036555
0.000215917036555
0.000190766882869
0.000190766882869
0.000190766882869
0.000190766882869
0.000190766882869
9.66148115696e-05
0.000110834298226
9.66148115695e-05
0.00015859761352
0.00015859761352
0.00015859761352
0.000280947164336
0.00015859761352
0.000287274546093
0.000146806843491
0.000287274546093
0.000146806843491
0.000146806843491
0.000135943699973
9.74840387192e-05
5.89666570603e-05
5.21226563934e-05
9.29959710393e-05
0.000190766882869
0.000190766882869
0.000190766882869
0.000190766882869
0.000211208884655
0.000211208884655
0.000211208884655
0.000211208884655
0.000211208884655
0.000211208884655
0.000211208884655
0.000261745288099
0.000211208884655
0.000211208884655
0.000211208884655
0.000211208884655
0.000211208884655
0.000211208884655
0.000211208884655
0.000211208884655
0.000211208884655
0.000211208884655
0.000211208884655
0.000278776600489
0.000211208884655
0.000211208884655
0.000211208884655
0.000211208884655
0.000211208884655
0.000211208884655
0.000211208884655
0.000211208884655
0.000211208884655
0.000211208884655
0.000211208884655
0.000211208884655
0.000211208884655
0.000211208884654
0.000190766882869
0.000190766882869
0.000190766882869
0.000171844609906
0.000171844609906
0.000171844609906
0.000190766882869
0.000190766882869
0.000190766882869
0.000278416531755
0.000146942058426
0.000146942058426
8.82640372122e-05
6.51925612751e-05
7.02599234247e-05
0.00015310936161
0.000293600941996
0.000111515894827
0.000201141940372
7.29679519619e-05
0.000190766882869
0.000190766882869
8.61902684696e-05
0.000270942287243
0.000198900619545
0.000198900619545
0.000198900619545
9.47294195272e-05
0.000278416531755
0.000146942058426
0.000146942058426
0.000204871006959
0.000132810699782
8.66618177356e-05
0.000221337996548
0.0001752028196
0.000103076230761
0.000190766882869
0.000190766882869
0.000279035234142
6.35813877641e-05
9.82935888671e-05
5.93791874781e-05
5.93791874781e-05
6.79622921855e-05
0.000118195290757
0.000118195290757
0.000118195290757
0.000118195290757
8.21932633694e-05
0.000141488806523
0.000141488806523
0.000146913318447
0.000303080216056
0.000190766882869
0.000190766882869
7.16950406974e-05
0.000190766882869
0.000190766882869
0.000162459218877
6.33272335336e-05
6.33272335336e-05
0.000190766882869
0.000190766882869
0.000190766882869
0.000190766882869
0.000190766882869
0.000162000890568
0.000233533751338
0.00039539977603
0.000162000890568
9.58329943555e-05
9.58329943555e-05
9.30805152727e-05
6.06934471667e-05
6.06934471667e-05
0.000146942058426
0.000278416531755
0.000146942058426
6.6200228057e-05
9.1048790955e-05
0.000225255315774
0.000170454885576
0.000170454885576
0.000170454885576
0.000190766882869
0.000190766882869
0.000190766882869
7.02084992132e-05
0.000253097211057
0.000165326673023
0.000165326673023
0.000109190220959
0.000165326673023
0.000424675529593
0.000144685103171
0.000203939094777
0.00014761539601
0.000257611691612
0.000119527167859
0.00014761539601
0.00014761539601
0.000150151807953
0.000236071857336
0.000141310760981
0.000144685103171
0.000160303767737
0.000160303767736
5.44304817284e-05
7.96810700826e-05
0.000103287059955
0.000110052668795
8.81412140939e-05
0.0001222692088
0.0001222692088
0.000190766882869
0.000190766882869
4.87636511048e-05
8.48063497475e-05
8.48063497475e-05
0.000190766882869
0.000190766882869
9.84900043985e-05
0.000113402288714
0.000113402288714
6.52063160108e-05
7.47749636791e-05
0.000190766882869
0.000190766882869
0.000190766882869
0.000206067624156
0.00011096912732
0.000148839264499
0.000101077253324
0.000148839264499
0.000148839264499
0.000133730141439
6.69084361121e-05
0.00023289072749
0.000161159025531
0.000244322901993
0.000313215468132
9.51733194084e-05
9.78398546618e-05
5.1969864937e-05
9.0087020889e-05
9.0087020889e-05
0.000280823752687
0.000143654413217
0.000171881086055
0.00020437243103
0.000259540223798
0.000190766882869
0.000190766882869
0.000122860279486
0.000197786485994
0.000122860279486
0.000126231700638
0.000126231700638
6.41613588876e-05
0.00010540266632
6.41613588876e-05
0.000162365803697
0.000162365803697
0.000162365803697
0.000190766882869
0.000190766882869
0.000278416531755
0.000146942058426
0.000146942058426
0.000133330820529
0.000133330820529
0.000133330820529
0.000190766882869
0.000190766882869
0.000157944313398
0.000200994484586
4.59867834492e-05
0.000259633778845
0.000145716887713
0.000295355324762
0.000133997615645
0.000145716887713
0.000278416531755
0.000146942058426
0.000146942058426
9.31424501773e-05
9.8578494105e-05
0.000229783912031
6.67439522522e-05
0.000339791909564
0.000150105876646
6.67439522522e-05
0.000147612869343
0.000198124603447
0.000278416531755
0.000146942058426
0.000146942058426
6.48627657107e-05
9.26544504186e-05
7.0742792376e-05
8.88099680496e-05
7.25255828742e-05
0.000190766882869
0.000190766882869
0.000190766882869
0.000190766882869
0.000107904231735
0.000279844232839
0.000187659533452
0.000187659533451
0.000150290493666
0.000150290493666
0.000150290493666
0.000343631512078
0.000148563050582
0.000148563050582
0.000194561438408
0.00010647018625
0.000111830060534
0.000111830060534
0.000191903848284
0.00014142155544
6.05132687141e-05
6.05132687141e-05
0.000101128980253
0.000190766882869
0.000190766882869
0.000150092871187
9.2404502685e-05
0.000127030376958
0.000190766882869
0.000190766882869
0.000190766882869
0.000190766882869
0.000190766882869
0.000190766882869
0.000190766882869
8.07708369933e-05
8.07708369933e-05
6.30387212755e-05
0.000182966221765
0.000182966221765
0.000158979970701
0.000221293347837
0.000158979970701
7.56398688458e-05
6.69108092539e-05
8.87748415431e-05
0.000190766882869
0.000190766882869
0.000121579548278
0.000105048790587
0.000105048790587
0.000171836111221
0.000190766882869
0.000190766882869
0.000190766882869
0.000190766882869
0.000190766882869
9.95410572297e-05
0.000333769528467
9.95410572296e-05
0.000309200410892
0.000165246144544
0.000190766882869
0.000190766882869
0.000190766882869
0.000161575868938
9.72847767289e-05
9.82089811814e-05
6.30751322979e-05
0.000105492010951
6.66533984109e-05
0.000162092109865
0.000162092109865
0.000197154667832
0.000190766882869
0.000190766882869
0.000190766882869
0.000190766882869
9.75752340436e-05
9.75752340435e-05
5.72301312912e-05
5.72301312912e-05
0.000190766882869
0.000190766882869
0.000197015593303
0.000146845421217
0.000146845421216
9.29969456797e-05
0.000190766882869
0.000190766882869
0.000190766882869
0.000190766882869
0.000190766882869
0.000192961818116
0.000192961818116
0.000192961818116
0.000192961818116
0.000192961818116
0.000192961818116
7.12419319836e-05
0.000319374066552
0.000198778529534
0.000198778529534
0.000102222849941
0.000198778529534
0.000198778529534
0.000102222849941
0.000226540617969
0.000126031514718
9.23349737562e-05
6.99247570878e-05
0.000146942058426
0.000278416531755
0.000146942058426
0.000245335940785
0.00015700008193
0.000150987551014
0.000150987551014
0.000114805498911
9.13271926855e-05
0.000128208962505
0.000128208962505
7.01612184714e-05
0.000234078489359
0.000133957415716
0.000122429445477
0.000133957415716
0.000122429445477
0.000190766882869
0.000190766882869
0.000122710788248
0.000190766882869
0.000190766882869
0.000319694216208
7.39050463932e-05
0.000210526255753
0.000128530515466
0.000128530515466
0.000102887159279
0.000102887159279
7.33518617781e-05
5.69194202811e-05
0.000260415753772
0.000172010105794
0.000172010105794
0.000190766882869
0.000190766882869
0.000190766882869
0.000190766882869
0.000190766882869
0.000190766882869
0.000190766882869
0.000158830373541
0.00015883037354
0.000133035056675
0.00017624943544
0.000261532911664
0.000101742846786
9.93121986841e-05
9.93121986841e-05
9.93121986841e-05
0.000101742846786
0.000185793618452
6.22617028651e-05
6.22617028651e-05
0.000114759731654
0.000114759731654
0.000114759731654
6.91174933344e-05
0.000238249770023
0.000135771937469
0.000107674608253
0.000181445246674
7.97961135638e-05
0.000112684640915
0.000190766882869
0.000190766882869
7.43463789723e-05
7.43463789723e-05
7.43463789723e-05
0.000145702394183
0.000145702394183
0.000259594561057
8.37788766551e-05
7.05798742684e-05
7.05798742684e-05
7.05798742684e-05
6.94623947873e-05
7.56842266947e-05
0.000190766882869
0.000190766882869
7.09507113889e-05
8.87717135112e-05
8.8676493796e-05
8.87717135112e-05
8.67089077213e-05
0.000278416531755
0.000146942058426
0.000146942058426
0.000190766882869
0.000190766882869
7.25689422835e-05
0.000190766882869
0.000190766882869
7.95821875393e-05
5.94560362932e-05
7.08562720863e-05
0.000190766882869
0.000190766882869
0.000190766882869
0.000190766882869
0.000190766882869
0.000190766882869
0.000190766882869
0.000190766882869
0.000146942058426
0.000278416531755
0.000146942058426
0.000187659533452
0.000187659533452
0.000279844232839
0.000107904231735
0.000112109833772
0.000190766882869
0.000190766882869
6.56075067846e-05
0.000190766882869
0.000190766882869
0.000123979103231
0.000164510733134
0.000164510733134
0.000123979103231
0.000164510733134
0.000138637808373
0.000138637808373
7.73146734794e-05
0.000132333783612
0.000366066180641
0.000132333783612
0.000132333783612
0.000190766882869
0.000190766882869
0.000328411866229
0.000121665061195
0.000121665061195
6.53935961345e-05
5.82774571044e-05
0.000146942058426
0.000278416531755
0.000146942058426
0.000190766882869
0.000190766882869
0.000190766882869
7.32580566828e-05
9.41238205408e-05
0.000278631731104
8.782427529e-05
0.000152737870069
0.000152737870069
0.000190766882869
0.000190766882869
0.000190766882869
0.000192605975321
0.000192605975321
0.000192605975321
0.000192605975321
0.000192605975321
0.000192605975321
0.000192605975321
0.000192605975321
0.000192605975321
0.000192605975321
0.000192605975321
0.000192605975321
0.000192605975321
0.000192605975321
0.000192605975321
0.000190766882869
0.000190766882869
5.68174358237e-05
0.000111511027569
6.41188408524e-05
0.000111511027569
0.000167095079886
0.000214438685853
0.000167095079886
0.000214438685853
7.48028418231e-05
0.000366066180641
0.000132333783612
0.000132333783612
0.000132333783612
0.000190766882869
0.000190766882869
0.000190766882869
0.000190766882869
0.00011176644831
0.000190766882869
0.000190766882869
0.000190766882869
6.82235033596e-05
0.000190766882869
0.000190766882869
0.000111976956824
6.98754785918e-05
0.000279844232839
0.000187659533452
0.000187659533451
0.000107904231735
0.000190766882869
0.000190766882869
0.000190766882869
0.000190766882869
0.000190766882869
6.62904317612e-05
8.95957971693e-05
8.95957971693e-05
0.000190766882869
0.000190766882869
0.000190766882869
0.000190766882869
5.95968902991e-05
8.20020830188e-05
9.51054903522e-05
0.000139008335512
0.000139008335512
0.000139008335512
0.000103251832655
0.000295056794278
0.000201385492031
0.000201385492031
0.000112075404261
0.000201385492031
0.000201385492031
0.000201385492031
0.000112075404261
0.00016699697932
0.00016699697932
0.00030882582547
0.00016699697932
0.000103819789799
0.000103819789799
0.000187904107284
0.000187904107284
0.000187904107284
0.000187904107283
0.000187904107283
0.000190766882869
0.000190766882869
7.50272752964e-05
0.000190766882869
0.000190766882869
5.92036858942e-05
6.57882576937e-05
0.000413570952175
0.000116498859768
0.000116498859768
0.000116498859768
0.000188996441131
0.000365786469758
6.74798448422e-05
0.000253958142427
0.000177059875382
0.000253958142427
0.000177059875382
6.74798448422e-05
0.000177059875382
0.000177059875382
0.000190766882869
0.000190766882869
0.000146942058426
0.000278416531755
0.000146942058426
7.92465455559e-05
0.000278416531755
0.000146942058426
0.000146942058426
0.000146942058426
0.000278416531755
0.000146942058426
0.000190766882869
0.000190766882869
7.07919007359e-05
7.75617984462e-05
7.37494598778e-05
0.000199629040064
0.000251668119867
0.000187659533452
0.000279844232839
0.000187659533451
0.000107904231735
5.32122178286e-05
0.000190766882869
0.000190766882869
0.000190766882869
0.000190766882869
0.000190766882869
9.0311169487e-05
6.30562982032e-05
6.30562982032e-05
0.000131032079537
5.8452412323e-05
0.000278416531755
0.000146942058426
0.000146942058426
0.000190766882869
0.000190766882869
0.000190766882869
0.000190766882869
0.000190766882869
0.000247593430373
0.000141267193712
0.000141267193712
0.000190766882869
0.000190766882869
0.000120580922185
0.000215908038382
0.000215908038382
0.000164126274018
0.000120375948743
0.000190766882869
0.000190766882869
0.000190766882869
0.000190766882869
0.000135737906661
0.000135737906661
7.80492963302e-05
0.000190766882869
0.000190766882869
0.000190766882869
0.000190766882869
0.000190766882869
0.000190766882869
7.51635784491e-05
0.000176713218915
0.000190766882869
0.000190766882869
0.000190766882869
8.32860011757e-05
0.000146942058426
0.000278416531755
0.000146942058426
0.000288413325424
0.000178211320508
0.000128654492304
0.000300054085598
0.000127202125956
0.000233208603313
7.9624226982e-05
0.000239614560762
0.000173711296613
0.000173711296613
7.95331265924e-05
0.000190766882869
0.000190766882869
8.32796971534e-05
0.000385868221573
0.000192183916507
0.000144834255919
0.000192183916507
0.000144834255919
0.000192183916507
0.00015009241886
9.24043104459e-05
0.000190766882869
0.000190766882869
0.000190766882869
0.000190766882869
0.000165675742192
0.000165675742191
0.000165675742191
0.000124857081072
0.000124857081072
9.30195783424e-05
9.30195783424e-05
0.000112464471092
0.000112464471092
8.36795748116e-05
0.000190766882869
0.000190766882869
0.000190766882869
0.000190766882869
0.000278416531755
0.000146942058426
0.000146942058426
0.000181904856092
0.000181904856092
0.000181904856092
0.000125084566645
0.000125084566645
0.000213415309722
0.000229031594519
0.000279719158071
0.000213415309722
0.000164034990861
0.000164034990861
6.52906200688e-05
0.000278416531755
0.000146942058426
0.000146942058426
0.000278416531755
0.000146942058426
0.000146942058426
8.44755216497e-05
0.000134685415195
0.000134685415195
0.000190766882869
0.000190766882869
0.000139588021543
0.000139588021543
8.02631123874e-05
0.000190766882869
0.000190766882869
0.000190766882869
0.000190766882869
0.000190766882869
0.000190766882869
0.000190766882869
6.87628958129e-05
0.000190766882869
0.000190766882869
0.000190766882869
0.000190766882869
0.000190766882869
0.000190766882869
0.000190766882869
0.000190766882869
0.000190766882869
0.00015649450794
9.04160400966e-05
0.00011549044852
0.000190766882869
0.000190766882869
0.000190766882869
0.000278416531755
0.000146942058426
0.000146942058426
0.000279844232839
0.000107904231735
0.000187659533452
0.000187659533451
5.96209882589e-05
0.000190766882869
0.000190766882869
4.06352958812e-05
4.99650490387e-05
8.32860011757e-05
0.000190766882869
0.000190766882869
0.000190766882869
0.000123425993929
0.000101745120494
0.000198900619545
0.000198900619545
0.000270942287243
0.000198900619545
8.61902684695e-05
0.000163172893141
0.000190766882869
0.000190766882869
0.000190766882869
0.000190766882869
0.000190766882869
0.000190766882869
0.000190766882869
0.000196020703524
0.000190766882869
0.000190766882869
0.000190766882869
0.000190766882869
0.000190766882869
0.000278416531755
0.000146942058426
0.000146942058426
0.000167737017373
0.000235053792226
0.000235053792226
0.000167737017373
0.000167737017373
0.000235053792226
0.000235053792226
0.000167737017372
0.000167737017372
0.000235053792226
0.000157276495926
0.000157276495926
0.000157276495926
0.000157276495926
0.000157276495926
0.000190766882869
0.000190766882869
0.000190766882869
0.000190766882869
0.000190766882869
0.000107904231735
0.000279844232839
0.000187659533452
0.000187659533451
0.000141639342481
0.000141639342481
0.000190766882869
0.000190766882869
0.000149443858828
0.000149443858828
9.35073175441e-05
0.000190766882869
0.000190766882869
0.000190766882869
0.000190766882869
0.000190766882869
0.000190766882869
0.000202148536585
0.000202148536585
0.000262728306363
0.000202148536585
0.000202148536585
7.32788445122e-05
0.000121104854711
0.000129092617505
0.000129092617505
0.000190766882869
0.000190766882869
0.000190766882869
0.000198900619545
0.000270942287243
0.000198900619545
0.000198900619545
8.61902684695e-05
0.000190766882869
0.000190766882869
0.000190766882869
0.000190766882869
8.02992313802e-05
0.000139650837183
0.000139650837183
0.000153139745253
0.000153139745253
0.000190766882869
0.000190766882869
0.000190766882869
6.21866696023e-05
0.000190766882869
0.000190766882869
0.000190766882869
0.00014345602882
0.00014345602882
8.24872165713e-05
6.59343228881e-05
0.000184727707806
0.000456490585637
0.000184727707806
0.000106218431989
0.000106218431989
0.000106218431989
0.000190766882869
0.000190766882869
0.000190766882869
0.000190766882869
0.000132262647365
0.000132262647365
0.000190766882869
0.000190766882869
0.000190766882869
0.000190766882869
0.000190766882869
0.000190766882869
0.000190766882869
0.000190766882869
0.000190766882869
0.000262728306363
0.000202148536585
0.000202148536585
0.000202148536585
0.000202148536585
7.32788445122e-05
8.43036662336e-05
0.000190766882869
0.000190766882869
0.000190766882869
0.000190766882869
0.000190766882869
0.000190766882869
0.000190766882869
0.000278416531755
0.000146942058426
0.000146942058426
0.000190766882869
0.000190766882869
0.000107904231735
0.000279844232839
0.000187659533452
0.000187659533451
0.000190766882869
0.000190766882869
0.000102030581524
0.000102030581524
0.000227408581021
0.000161821676034
0.000161821676034
0.000190766882869
0.000190766882869
0.000125557216986
7.93652461124e-05
0.000144385719778
0.000144385719778
0.000144385719778
0.000190766882869
0.000190766882869
0.000190766882869
0.000190766882869
7.10174779353e-05
0.000190766882869
0.000190766882869
0.000190766882869
0.000190766882869
0.000190766882869
0.000190766882869
0.000190766882869
0.000190766882869
7.60510222347e-05
0.000141916214196
0.000135182565049
0.000135182565049
0.00022526727658
0.000156266489159
0.000156266489159
0.00022526727658
0.000190766882869
0.000190766882869
0.000190766882869
0.000190766882869
0.000190766882869
0.000279844232839
0.000187659533452
0.000187659533451
0.000107904231735
0.000190766882869
0.000190766882869
6.18288656718e-05
0.000208061780558
0.000208061780558
0.000208061780558
0.000208061780558
0.000208061780558
0.000186077313034
0.000208061780558
0.000208061780558
0.000190766882869
0.000190766882869
0.000190766882869
0.000190766882869
0.000190766882869
0.000190766882869
0.000190766882869
0.000137579076755
0.000137579076755
0.000190766882869
0.000190766882869
0.000190766882869
0.000190766882869
0.000190766882869
0.000190766882869
0.000190766882869
0.000190766882869
0.000190766882869
0.000190766882869
0.000190766882869
0.000190766882869
0.000190766882869
0.000190766882869
0.000190766882869
0.000190766882869
0.000190766882869
8.63120442913e-05
0.000109602595925
0.000134485663911
0.000109602595925
0.000190766882869
0.000190766882869
0.000190766882869
0.000190766882869
0.000190766882869
0.000190766882869
0.000190766882869
0.000190766882869
0.000190766882869
0.000190766882869
0.000190766882869
0.000190766882869
0.000190766882869
0.00014022299328
0.000305959933562
0.00014022299328
0.000186065125698
0.000186065125698
0.000186065125698
0.000190766882869
0.000190766882869
0.000190766882869
0.000190766882869
0.000190766882869
0.000190766882869
0.000190766882869
0.000113269923591
0.000113269923591
9.19780549004e-05
0.000190766882869
0.000190766882869
0.000190766882869
8.55357527079e-05
6.73859921945e-05
0.000190766882869
0.000190766882869
0.000190766882869
0.000190766882869
7.46451444457e-05
0.000160541898275
9.68453391973e-05
0.000190766882869
0.000190766882869
0.000190766882869
0.000190766882869
8.5176593782e-05
0.000142773057221
0.000142773057221
0.000190766882869
0.000190766882869
0.000190766882869
0.000190766882869
0.000190766882869
5.97729618117e-05
0.000190766882869
0.000190766882869
0.000190766882869
0.000190766882869
0.000190766882869
0.000190766882869
0.000190766882869
0.000190766882869
0.000190766882869
0.000190766882869
0.000190766882869
0.000190766882869
8.081390709e-05
8.081390709e-05
8.081390709e-05
0.000190766882869
0.000190766882869
0.000190766882869
0.000190766882869
0.000190766882869
8.90296459903e-05
8.90296459903e-05
0.000190766882869
0.000190766882869
0.000190766882869
0.000190766882869
0.000190766882869
0.000190766882869
0.000190766882869
0.000190766882869
0.00019076688287
0.000190766882869
0.000190766882869
0.000190766882869
0.000190766882869
0.000190766882869
0.000190766882869
0.000190766882869
0.000190766882869
6.73073245087e-05
0.000190766882869
0.000190766882869
0.000190766882869
0.000190766882869
0.000190766882869
0.000190766882869
0.000190766882869
0.000190766882869
9.79635120153e-05
0.000190766882869
0.000190766882869
0.000190766882869
0.000190766882869
0.000190766882869
7.89205100115e-05
0.000190766882869
0.000190766882869
0.000190766882869
0.000190766882869
0.000190766882869
0.000190766882869
0.000190766882869
0.000190766882869
0.000190766882869
0.000190766882869
0.000190766882869
0.000190766882869
6.56754411601e-05
0.000190766882869
0.000190766882869
0.000190766882869
0.000190766882869
0.000190766882869
0.000190766882869
0.000190766882869
0.000190766882869
0.000278416531755
0.000146942058426
0.000146942058426
0.000190766882869
0.000190766882869
0.000190766882869
0.000190766882869
0.000190766882869
0.000190766882869
0.000190766882869
0.000190766882869
8.73655237339e-05
0.000190766882869
0.000190766882869
0.000190766882869
0.000190766882869
0.000190766882869
0.000190766882869
0.000190766882869
0.000190766882869
0.000190766882869
0.000190766882869
0.000190766882869
0.000190766882869
0.000190766882869
0.000190766882869
0.000190766882869
0.000190766882869
0.000190766882869
0.000190766882869
0.000190766882869
0.000190766882869
0.000190766882869
0.000190766882869
6.85760035393e-05
0.000190766882869
0.000190766882869
9.0263614019e-05
0.000190766882869
0.000190766882869
0.000190766882869
0.000190766882869
0.000190766882869
0.000190766882869
0.000190766882869
7.00191464357e-05
0.000190766882869
0.000190766882869
0.000190766882869
0.000190766882869
0.000190766882869
0.000190766882869
0.000366066180641
0.000132333783612
0.000132333783612
0.000132333783612
0.000190766882869
0.000190766882869
0.000190766882869
0.000190766882869
0.000190766882869
0.000190766882869
0.000190766882869
0.000190766882869
0.000190766882869
0.000190766882869
0.000190766882869
0.000190766882869
0.000190766882869
0.000190766882869
0.000190766882869
0.000190766882869
0.000190766882869
0.000190766882869
0.000190766882869
0.000190766882869
0.000190766882869
0.000190766882869
0.000190766882869
0.000190766882869
0.000190766882869
0.000190766882869
0.000190766882869
0.000190766882869
0.000190766882869
