12 0.00852262148994
10 0.0137464215439
21 0.0139171192732
23 0.0139171192732
15 0.0139171192732
16 0.0139171192732
19 0.0139171192732
18 0.0139565161501
22 0.0139565161501
13 0.0140142559447
27 0.0142776715287
17 0.0157006406422
29 0.0193825340889
20 0.0194339898505
26 0.0204123627633
25 0.0204568342852
5 0.0212890765368
11 0.0212890765368
8 0.0247759219777
31 0.0248251738959
28 0.0255814952915
30 0.0260400949232
6 0.0283543648257
7 0.0283543648257
14 0.0302533956781
9 0.030411999792
24 0.0316556859005
4 0.0366108963651
32 0.0375740836338
2 0.0543389466014
3 0.0591974596987
33 0.0733129213624
1 0.099225689233
34 0.103463392118
