12 -0.00721307621605
15 -0.00458506225013
19 -0.00445947085865
21 -0.00440139638126
10 -0.00430039098872
16 -0.00424469038407
23 -0.00409924020595
22 -0.00395112777026
18 -0.00387110196264
27 -0.00368770928137
13 -0.00354586348309
17 -0.00296960172755
20 -0.00204414019753
29 -0.00152498527658
26 -0.000407902321847
11 -0.000249493287188
5 -0.000207149043671
25 -1.85604538883e-05
31 0.00145219067867
8 0.00154310109374
28 0.00187292616341
30 0.00219441192826
7 0.00270468949139
6 0.00339660343691
14 0.00397342912661
9 0.00402880103381
24 0.00507368538145
4 0.00733488254503
32 0.00810772272972
2 0.0165750662167
3 0.0189303704823
33 0.0262824115333
1 0.037888960193
34 0.0408922982916
