12 -0.00182335069044
16 -0.00139443935949
22 -0.00137266950878
10 -0.00135811194619
23 -0.00135283656494
13 -0.0013476663185
27 -0.00132537758676
19 -0.00128404036074
15 -0.00128204130362
18 -0.00127467506091
17 -0.00123730185953
21 -0.00119449388557
29 -0.000895116519764
20 -0.000837806936449
25 -0.000774457644936
5 -0.000737881487307
26 -0.000683742804902
11 -0.000593299499221
8 -0.000338790030015
31 -0.000319531500866
28 -0.00023157433496
30 -0.000203352875948
6 -9.97979058919e-05
7 -2.74647839714e-05
14 0.000144340070609
9 0.000169651312661
24 0.000309102561771
32 0.000812929069672
4 0.000870584116509
2 0.00245633639801
3 0.00277411563946
33 0.00435848480821
1 0.00674796651839
34 0.00706603345781
